0	0
0.000022489	20.4521
0.000042328	35.965
0.00006087	39.45
0.000079541	43.658
9.29276E-05	50.6028012
9.77376E-05	50.8502034
0.000100452	51.1036398
0.000100452	51.1036398
0.000105882	51.3450078
0.000106787	51.7010256
0.000106787	51.7010256
0.000110407	52.0268724
0.000110407	52.1535906
0.000111312	52.1535906
0.000112217	52.5096084
0.000112217	52.5096084
0.000114932	52.8354552
0.000119457	52.980276
0.000119457	52.980276
0.000123982	53.2397466
0.000123982	53.674209
0.000123982	53.674209
0.000128507	53.7405852
0.000128507	53.7405852
0.000127602	54.0845346
0.000131222	54.488826
0.000131222	54.488826
0.000136652	54.5733048
0.000136652	54.8146728
0.000137557	54.8146728
0.000139367	55.2370668
0.000139367	55.2370668
0.000137557	55.393956
0.000142986	55.6896318
0.000142986	55.6896318
0.000146606	55.967205
0.000146606	56.2266756
0.000149321	56.2266756
0.000152941	56.449941
0.000152941	56.449941
0.000152941	56.449941
0.000138462	57.0050874
0.000138462	57.0050874
0.000162896	57.264558
0.000167421	57.656781
0.000167421	57.656781
0.000169231	57.7593624
0.000169231	57.7593624
0.000173756	57.9826278
0.00018009	58.411056
0.00018009	58.411056
0.000177376	58.6041504
0.000177376	58.6041504
0.0001819	58.8153474
0.00018371	59.1411942
0.00018371	59.1411942
0.000188235	59.5334172
0.000188235	59.7265116
0.00019276	59.7265116
0.00019457	59.889435
0.00019457	59.889435
0.000200905	60.2152818
0.0002	60.5471628
0.0002	60.5471628
0.000200905	60.7885308
0.000200905	60.7885308
0.000204525	60.9514542
0.000209955	61.277301
0.000209955	61.277301
0.000213575	61.609182
0.000213575	61.609182
0.000215385	61.7057292
0.0002181	62.031576
0.0002181	62.031576
0.00021629	62.4117306
0.000215385	62.5263804
0.000215385	62.5263804
0.000223529	62.7737826
0.000223529	62.7737826
0.000224434	63.1961766
0.000226244	63.3591
0.000226244	63.3591
0.000242534	63.509955
0.000242534	63.509955
0.000244344	63.8539044
0.000247059	64.1797512
0.000247059	64.1797512
0.000251584	64.4090508
0.000251584	64.4090508
0.000253394	64.5900768
0.000253394	64.837479
0.000255204	64.837479
0.000257014	65.2478046
0.000257014	65.2478046
0.000262443	65.4771042
0.000262443	65.6581302
0.000266968	65.6581302
0.000271493	65.9055324
0.000271493	65.9055324
0.000269683	66.2494818
0.000269683	66.496884
0.000273303	66.496884
0.000276018	66.7141152
0.000276018	66.7141152
0.000279638	66.889107
0.000279638	67.1546118
0.000286878	67.1546118
0.000287783	67.5468348
0.000287783	67.5468348
0.000295023	67.6795872
0.000295023	67.8787158
0.000295023	67.8787158
0.000300452	68.2045626
0.000300452	68.2045626
0.000301357	68.5545462
0.000308597	68.7174696
0.000308597	68.7174696
0.000308597	68.9648718
0.000308597	68.9648718
0.000313122	69.1941714
0.000318552	69.544155
0.000318552	69.544155
0.000319457	69.6225996
0.000324887	69.8700018
0.000324887	69.8700018
0.000328507	70.238088
0.000328507	70.238088
0.000338462	70.388943
0.000340271	70.5518664
0.000340271	70.5518664
0.000342986	70.932021
0.000342986	71.1794232
0.000344796	71.1794232
0.000349321	71.263902
0.000349321	71.263902
0.000355656	71.5113042
0.000364706	71.8431852
0.000364706	71.8431852
0.000363801	72.0061086
0.000363801	72.0061086
0.000371041	72.2535108
0.000376471	72.5190156
0.000376471	72.5190156
0.000375566	72.7483152
0.000379186	72.9172728
0.000379186	72.9172728
0.000384615	73.1827776
0.000388235	73.4301798
0.000388235	73.4301798
0.000388235	73.5810348
0.000388235	73.5810348
0.000395475	73.9008474
0.00039457	74.0637708
0.00039457	74.0637708
0.0004	74.2327284
0.00040724	74.5646094
0.00040724	74.5646094
0.00040543	74.7094302
0.00040543	74.8964904
0.000406335	74.8964904
0.000411765	75.2102688
0.000411765	75.2102688
0.000424434	75.4757736
0.000427149	75.5542182
0.000427149	75.5542182
0.000428054	75.8740308
0.000428054	76.0852278
0.000431674	76.0852278
0.000436199	76.2179802
0.000436199	76.2179802
0.000438009	76.5498612
0.000442534	76.7188188
0.000442534	76.7188188
0.000443439	76.8696738
0.000443439	76.8696738
0.000443439	77.117076
0.000443439	77.3644782
0.000443439	77.3644782
0.000449774	77.690325
0.000449774	77.7748038
0.000452489	77.7748038
0.000464253	78.0101376
0.000464253	78.0101376
0.000467873	78.2756424
0.000467873	78.2756424
0.000475113	78.6738996
0.000475113	78.7583784
0.000475113	78.7583784
0.000477828	78.9394044
0.000477828	78.9394044
0.000477828	79.168704
0.000487783	79.4221404
0.000487783	79.4221404
0.000488688	79.6695426
0.000488688	79.7540214
0.000489593	79.7540214
0.000490498	80.0014236
0.000490498	80.0014236
0.000499548	80.3514072
0.000502262	80.4177834
0.000502262	80.4177834
0.000504072	80.6531172
0.000510407	80.9367246
0.000510407	80.9367246
0.000517647	81.069477
0.000517647	81.2686056
0.000525792	81.5703156
0.000525792	81.5703156
0.000526697	81.733239
0.000533032	81.8177178
0.000533032	81.8177178
0.000532127	82.1495988
0.000538462	82.3185564
0.000538462	82.3185564
0.000541176	82.487514
0.000547511	82.7168136
0.000547511	82.7168136
0.000552941	82.8857712
0.000552941	83.0547288
0.000554751	83.0547288
0.000560181	83.302131
0.000560181	83.302131
0.000568326	83.5374648
0.000572851	83.634012
0.000572851	83.634012
0.000575566	83.905551
0.000579186	84.0383034
0.000579186	84.0383034
0.000590045	84.1891584
0.000588235	84.4425948
0.000588235	84.4425948
0.000593665	84.5934498
0.00059819	84.7744758
0.00059819	84.7744758
0.000602715	85.0942884
0.00060724	85.1787672
0.00060724	85.1787672
0.00060724	85.3597932
0.00061086	85.625298
0.00061086	85.625298
0.00061086	85.625298
0.000590045	85.9994184
0.000590045	85.9994184
0.000624434	86.0838972
0.000632579	86.2528548
0.000632579	86.2528548
0.000635294	86.500257
0.000642534	86.651112
0.000642534	86.651112
0.000647964	86.8200696
0.000650679	87.1398822
0.000650679	87.1398822
0.000657919	87.1700532
0.000663348	87.3209082
0.000663348	87.3209082
0.000665158	87.6588234
0.000665158	87.7795074
0.000659729	87.7795074
0.000659729	87.978636
0.000659729	87.978636
0.000662443	88.2139698
0.000657919	88.3165512
0.000657919	88.3165512
0.000653394	88.4674062
0.000656109	88.7208426
0.000656109	88.7208426
0.000659729	88.8898002
0.000664253	89.00445
0.000664253	89.00445
0.000666968	89.2940916
0.000671493	89.3725362
0.000671493	89.3725362
0.000673303	89.5414938
0.000676018	89.8613064
0.000676018	89.8613064
0.000679638	89.8975116
0.000679638	90.030264
0.000684163	90.030264
0.000684163	90.3681792
0.000684163	90.452658
0.000687783	90.452658
0.000689593	90.6216156
0.000689593	90.9414282
0.000688688	90.9414282
0.000695023	90.9414282
0.000695023	90.9414282
0.000699548	91.176762
0.000701357	91.4241642
0.000701357	91.4241642
0.000704977	91.4422668
0.000707692	91.6776006
0.000707692	91.6776006
0.000710407	91.931037
0.000715837	91.9974132
0.000715837	91.9974132
0.000720362	92.2387812
0.000722172	92.4198072
0.000722172	92.4198072
0.000724887	92.504286
0.000730317	92.6611752
0.000730317	92.6611752
0.000735747	92.9146116
0.000736652	92.9990904
0.000736652	92.9990904
0.000742081	93.168048
0.000746606	93.4033818
0.000746606	93.4033818
0.000750226	93.4878606
0.000750226	93.6749208
0.000753846	93.6749208
0.000756561	93.892152
0.000756561	93.892152
0.000758371	93.9766308
0.000766516	94.163691
0.000766516	94.163691
0.000767421	94.3809222
0.000771041	94.4835036
0.000771041	94.4835036
0.000775566	94.6886664
0.000780995	94.8033162
0.000780995	94.8033162
0.000782805	94.9722738
0.00078914	95.2136418
0.00078914	95.2136418
0.000793665	95.310189
0.000799095	95.4489756
0.000799095	95.4489756
0.0008	95.7205146
0.000802715	95.7868908
0.000802715	95.7868908
0.000804525	95.973951
0.00081267	96.2092848
0.00081267	96.2092848
0.000815385	96.2937636
0.000822624	96.3782424
0.000822624	96.3782424
0.000825339	96.607542
0.000829864	96.7764996
0.000829864	96.7764996
0.000835294	96.879081
0.000835294	97.1144148
0.000837104	97.1144148
0.000841629	97.180791
0.000841629	97.3497486
0.000848869	97.3497486
0.000849774	97.6212876
0.000849774	97.6212876
0.000854299	97.6755954
0.000857014	97.7721426
0.000857014	97.7721426
0.000860633	98.0436816
0.000864253	98.0979894
0.000864253	98.0979894
0.000866968	98.2307418
0.000870588	98.5203834
0.000870588	98.5203834
0.000876923	98.5022808
0.000881448	98.6712384
0.000881448	98.6712384
0.000885068	98.9246748
0.000888688	98.9970852
0.000888688	98.9970852
0.000892308	99.1660428
0.000894118	99.4194792
0.000894118	99.4194792
0.000899548	99.4194792
0.000904072	99.624642
0.000904072	99.624642
0.000904977	99.8479074
0.000910407	99.8298048
0.000910407	99.8298048
0.000914027	100.0289334
0.000922172	100.228062
0.000922172	100.228062
0.000923982	100.318575
0.000923982	100.4875326
0.000930317	100.4875326
0.000933032	100.6564902
0.000933032	100.740969
0.000937557	100.740969
0.000942081	100.891824
0.000942081	100.891824
0.000947511	101.133192
0.000952036	101.1814656
0.000952036	101.1814656
0.000953846	101.3021496
0.000956561	101.555586
0.000956561	101.555586
0.000964706	101.5374834
0.000962896	101.7245436
0.000962896	101.7245436
0.000969231	101.97798
0.000976471	101.947809
0.000976471	101.947809
0.000979186	102.1167666
0.000980995	102.370203
0.000980995	102.370203
0.000988235	102.370203
0.00099095	102.5572632
0.00099095	102.5572632
0.00100543	102.7805286
0.00100543	102.7986312
0.001015385	102.7986312
0.001024434	103.0158624
0.001024434	103.0158624
0.001030769	103.2029226
0.001035294	103.2029226
0.001035294	103.2029226
0.001043439	103.3598118
0.001046154	103.6011798
0.001046154	103.6011798
0.001052489	103.6132482
0.001052489	103.8365136
0.001059729	103.8365136
0.001061538	103.9209924
0.001061538	103.9209924
0.001070588	104.0054712
0.001076018	104.1744288
0.001076018	104.1744288
0.001080543	104.3795916
0.001082353	104.4157968
0.001082353	104.4157968
0.001092308	104.602857
0.001092308	104.602857
0.001098643	104.753712
0.001104977	104.753712
0.001104977	104.753712
0.001108597	104.9588748
0.001114932	105.1640376
0.001114932	105.1640376
0.001121267	105.1640376
0.001121267	105.3329952
0.001126697	105.3329952
0.001131222	105.4898844
0.001131222	105.4898844
0.001140271	105.5743632
0.001142986	105.7433208
0.001142986	105.7433208
0.001146606	105.90021
0.001152941	105.90021
0.001152941	105.90021
0.001161086	106.1536464
0.001161991	106.2200226
0.001161991	106.2200226
0.001161991	106.2200226
0.001150226	106.5217326
0.001150226	106.5217326
0.001176471	106.6122456
0.00118552	106.7812032
0.00118552	106.7812032
0.00118914	106.9320582
0.00118914	106.9320582
0.001191855	106.9320582
0.00119819	107.0889474
0.00119819	107.0889474
0.001202715	107.2760076
0.001209955	107.3604864
0.00121267	107.499273
0.00121267	107.499273
0.0012181	107.6018544
0.0012181	107.6863332
0.001221719	107.6863332
0.001226244	107.8251198
0.001226244	107.8251198
0.001234389	108.0001116
0.001235294	108.102693
0.001235294	108.102693
0.001239819	108.1690692
0.001244344	108.4104372
0.001244344	108.4104372
0.001248869	108.4225056
0.001256109	108.494916
0.001256109	108.494916
0.001258824	108.7302498
0.001268778	108.7483524
0.001268778	108.7483524
0.001274208	108.8147286
0.001276018	109.0923018
0.001276018	109.0923018
0.001283258	109.0560966
0.001288688	109.1948832
0.001288688	109.1948832
0.001296833	109.400046
0.001300452	109.4483196
0.001300452	109.4483196
0.001304072	109.550901
0.001304072	109.792269
0.001311312	109.792269
0.001316742	109.8284742
0.001316742	109.8948504
0.001323077	109.8948504
0.001326697	110.0698422
0.001326697	110.0698422
0.001326697	110.1362184
0.001336652	110.275005
0.001336652	110.275005
0.001341176	110.4137916
0.001342081	110.4801678
0.001342081	110.4801678
0.001352036	110.546544
0.001361991	110.7396384
0.001361991	110.7396384
0.001362896	110.8060146
0.001372851	110.8723908
0.001372851	110.8723908
0.001379186	111.0654852
0.0013819	111.1137588
0.0013819	111.1137588
0.00139276	111.2163402
0.00139638	111.4275372
0.00139638	111.4275372
0.00140181	111.4396056
0.00141086	111.5301186
0.00141086	111.5301186
0.001415385	111.7714866
0.00141991	111.7714866
0.00141991	111.7714866
0.001430769	111.843897
0.001430769	112.0128546
0.001437104	112.0128546
0.001441629	112.0792308
0.001441629	112.0792308
0.001446154	112.1999148
0.001455204	112.356804
0.001455204	112.356804
0.001457919	112.4412828
0.001457919	112.4412828
0.001470588	112.507659
0.001476923	112.598172
0.001476923	112.598172
0.001481448	112.6645482
0.001481448	112.8516084
0.001491403	112.8516084
0.001495928	112.990395
0.001495928	112.990395
0.001506787	113.0084976
0.001506787	113.1653868
0.001506787	113.1653868
0.001516742	113.2498656
0.001521267	113.2498656
0.001521267	113.2498656
0.001523982	113.4188232
0.001533937	113.5757124
0.001533937	113.5757124
0.001540272	113.593815
0.001542986	113.7627726
0.001542986	113.7627726
0.001551131	113.9196618
0.001557466	113.9015592
0.001557466	113.9015592
0.001561086	114.0584484
0.001561086	114.1429272
0.001565611	114.1429272
0.001575566	114.227406
0.001575566	114.3360216
0.001577376	114.3360216
0.00158371	114.4868766
0.00158371	114.4868766
0.00159276	114.468774
0.001593665	114.589458
0.001593665	114.589458
0.001602715	114.8187576
0.00160362	114.7282446
0.00160362	114.7282446
0.00161267	114.8851338
0.001621719	115.072194
0.001621719	115.072194
0.001624434	115.0601256
0.001635294	115.1446044
0.001635294	115.1446044
0.001642534	115.313562
0.001648869	115.313562
0.001648869	115.313562
0.001657919	115.4825196
0.001657919	115.5488958
0.001667873	115.5488958
0.001674208	115.5669984
0.001674208	115.7238876
0.001677828	115.7238876
0.001685973	115.8747426
0.001685973	115.8747426
0.001695928	115.8747426
0.001697738	116.0497344
0.001697738	116.0497344
0.001702262	116.1342132
0.001702262	116.1523158
0.001709502	116.1523158
0.001718552	116.218692
0.001718552	116.2911024
0.001724887	116.2911024
0.001733937	116.4781626
0.001733937	116.4781626
0.001743891	116.46006
0.001747511	116.6169492
0.001747511	116.6169492
0.001757466	116.701428
0.001765611	116.701428
0.001765611	116.701428
0.001774661	116.8583172
0.001775566	117.0152064
0.001775566	117.0152064
0.001786425	117.0152064
0.001786425	117.0152064
0.001795475	117.0996852
0.001802715	117.274677
0.001802715	117.274677
0.001808145	117.3591558
0.001808145	117.425532
0.00181991	117.425532
0.001822624	117.4436346
0.001822624	117.4436346
0.001834389	117.5824212
0.001842534	117.6850026
0.001842534	117.6850026
0.001851584	117.7031052
0.001858824	117.8237892
0.001858824	117.8237892
0.001863348	118.0168836
0.001863348	118.0168836
0.001873303	118.0168836
0.001877828	118.0168836
0.001877828	118.0168836
0.001889593	118.1737728
0.001896833	118.2763542
0.001896833	118.2763542
0.001895023	118.3427304
0.001905882	118.4453118
0.001905882	118.4453118
0.001913122	118.4996196
0.001913122	118.5177222
0.001917647	118.5177222
0.001921267	118.6746114
0.001921267	118.6746114
0.001926697	118.7590902
0.001932127	118.843569
0.001932127	118.843569
0.001933937	118.9159794
0.001937557	119.0004582
0.001937557	119.0004582
0.001943891	119.0004582
0.001945701	119.1573474
0.001945701	119.1573474
0.001949321	119.235792
0.001947511	119.2538946
0.001947511	119.2538946
0.001959276	119.4107838
0.001959276	119.4107838
0.001959276	119.4107838
0.001969231	119.6400834
0.001965611	119.7969726
0.001965611	119.7969726
0.001955656	119.77887
0.001960181	119.8814514
0.001960181	119.8814514
0.001959276	119.9719644
0.001970136	119.9538618
0.001970136	119.9538618
0.001972851	120.110751
0.001971946	120.1288536
0.001971946	120.1288536
0.0019819	120.2133324
0.0019819	120.3883242
0.001991855	120.3883242
0.00199638	120.3702216
0.00199638	120.4547004
0.00200362	120.4547004
0.002009955	120.6115896
0.002009955	120.6296922
0.002017195	120.6296922
0.002023529	120.714171
0.002023529	120.714171
0.002041629	120.8529576
0.002048869	120.834855
0.002048869	120.834855
0.002057919	120.8529576
0.002064253	121.0279494
0.002064253	121.0279494
0.002068778	121.0279494
0.002078733	121.1124282
0.002078733	121.1124282
0.002085973	121.2693174
0.002097738	121.28742
0.002097738	121.28742
0.002105882	121.28742
0.002114932	121.4443092
0.002114932	121.4443092
0.002122172	121.528788
0.002122172	121.528788
0.002129412	121.528788
0.002138462	121.6856772
0.002138462	121.6856772
0.002147511	121.6856772
0.002156561	121.7339508
0.002156561	121.7339508
0.002161991	121.9270452
0.002164706	121.8425664
0.002164706	121.8425664
0.002175566	121.9270452
0.002182805	122.102037
0.002182805	122.102037
0.00218914	122.0839344
0.002200905	122.1865158
0.002200905	122.1865158
0.002202715	122.343405
0.002213575	122.2589262
0.002213575	122.2589262
0.002217195	122.4278838
0.002225339	122.5002942
0.002225339	122.5002942
0.002234389	122.5183968
0.002238914	122.584773
0.002238914	122.584773
0.002242534	122.7235596
0.002242534	122.7235596
0.002249774	122.7235596
0.002259729	122.8321752
0.002259729	122.916654
0.002269683	122.916654
0.002272398	122.916654
0.002272398	122.916654
0.002279638	122.9830302
0.002281448	123.158022
0.002281448	123.158022
0.002281448	123.0735432
0.002288688	123.158022
0.002288688	123.158022
0.002296833	123.2968086
0.002303167	123.2304324
0.002303167	123.2304324
0.002306787	123.3330138
0.002315837	123.489903
0.002315837	123.489903
0.002322172	123.39939
0.002322172	123.520074
0.002327602	123.520074
0.002342081	123.6467922
0.002342081	123.6467922
0.002348416	123.6467922
0.002357466	123.731271
0.002357466	123.731271
0.002363801	123.7976472
0.002372851	123.8157498
0.002372851	123.8157498
0.0023819	123.972639
0.002386425	124.063152
0.002386425	124.063152
0.002393665	123.972639
0.002400905	124.1476308
0.002400905	124.1476308
0.002409955	124.2321096
0.002409955	124.214007
0.002424434	124.214007
0.002429864	124.3708962
0.002429864	124.3708962
0.002436199	124.3889988
0.002447964	124.3889988
0.002447964	124.3889988
0.002455204	124.4614092
0.002464253	124.636401
0.002464253	124.636401
0.002473303	124.636401
0.002483258	124.636401
0.002483258	124.636401
0.002487783	124.787256
0.002499548	124.757085
0.002499548	124.757085
0.002504072	124.877769
0.002509502	124.9622478
0.002509502	124.9622478
0.002517647	124.9441452
0.002517647	125.0346582
0.002520362	125.0346582
0.002523982	125.119137
0.002523982	125.119137
0.002533032	125.119137
0.002536652	125.1915474
0.002536652	125.2941288
0.002542986	125.2941288
0.002552036	125.2760262
0.002552036	125.451018
0.002558371	125.451018
0.002561086	125.451018
0.002561086	125.451018
0.002570136	125.451018
0.002576471	125.6079072
0.002576471	125.6079072
0.002584615	125.6260098
0.00259276	125.7104886
0.00259276	125.7104886
0.002602715	125.782899
0.00260905	125.782899
0.00260905	125.782899
0.002622624	125.7647964
0.002629864	125.9578908
0.002629864	125.9578908
0.002638009	125.9578908
0.002648869	126.024267
