0	0
0.000021548	20.4521
0.00004923	35.965
5.88235E-05	39.45
6.0181E-05	43.658
6.0181E-05	50.6028012
6.44796E-05	50.8502034
6.27602E-05	51.1036398
6.27602E-05	51.1036398
6.87783E-05	51.3450078
6.44796E-05	51.7010256
6.44796E-05	51.7010256
6.9638E-05	52.0268724
6.9638E-05	52.1535906
7.13575E-05	52.1535906
7.22172E-05	52.5096084
7.22172E-05	52.5096084
7.39367E-05	52.8354552
7.9095E-05	52.980276
7.9095E-05	52.980276
7.99548E-05	53.2397466
7.99548E-05	53.674209
8.16742E-05	53.674209
8.16742E-05	53.7405852
8.16742E-05	53.7405852
8.25339E-05	54.0845346
8.68326E-05	54.488826
8.68326E-05	54.488826
9.11312E-05	54.5733048
9.11312E-05	54.8146728
9.02715E-05	54.8146728
9.37104E-05	55.2370668
9.37104E-05	55.2370668
9.62896E-05	55.393956
9.71493E-05	55.6896318
9.71493E-05	55.6896318
0.000100588	55.967205
0.000100588	56.2266756
0.000100588	56.2266756
0.000102308	56.449941
0.000102308	56.449941
0.000102308	56.449941
0.000107466	57.0050874
0.000107466	57.0050874
0.000116923	57.264558
0.000119502	57.656781
0.000119502	57.656781
0.000118643	57.7593624
0.000118643	57.7593624
0.000121222	57.9826278
0.000124661	58.411056
0.000124661	58.411056
0.000122081	58.6041504
0.000122081	58.6041504
0.00012552	58.8153474
0.0001281	59.1411942
0.0001281	59.1411942
0.0001281	59.5334172
0.0001281	59.7265116
0.000133258	59.7265116
0.000134118	59.889435
0.000134118	59.889435
0.000135837	60.2152818
0.000135837	60.5471628
0.000136697	60.5471628
0.000131538	60.7885308
0.000131538	60.7885308
0.000134118	60.9514542
0.000131538	61.277301
0.000131538	61.277301
0.000137557	61.609182
0.000137557	61.609182
0.000132398	61.7057292
0.000133258	62.031576
0.000133258	62.031576
0.000134977	62.4117306
0.000134977	62.5263804
0.000131538	62.5263804
0.000138416	62.7737826
0.000138416	62.7737826
0.000137557	63.1961766
0.000140136	63.3591
0.000140136	63.3591
0.000145294	63.509955
0.000145294	63.509955
0.000147014	63.8539044
0.000149593	64.1797512
0.000149593	64.1797512
0.000150452	64.4090508
0.000150452	64.4090508
0.000153891	64.5900768
0.000153891	64.837479
0.000156471	64.837479
0.00015991	65.2478046
0.00015991	65.2478046
0.00015991	65.4771042
0.00015991	65.6581302
0.000163348	65.6581302
0.000164208	65.9055324
0.000164208	65.9055324
0.000163348	66.2494818
0.000163348	66.496884
0.000167647	66.496884
0.000165068	66.7141152
0.000165068	66.7141152
0.000170226	66.889107
0.000170226	67.1546118
0.000171086	67.1546118
0.000170226	67.5468348
0.000170226	67.5468348
0.000176244	67.6795872
0.000176244	67.8787158
0.000177964	67.8787158
0.000182262	68.2045626
0.000182262	68.2045626
0.000183122	68.5545462
0.000185701	68.7174696
0.000185701	68.7174696
0.000184842	68.9648718
0.000184842	68.9648718
0.00018914	69.1941714
0.000194299	69.544155
0.000194299	69.544155
0.000196878	69.6225996
0.000196878	69.8700018
0.000196878	69.8700018
0.000199457	70.238088
0.000199457	70.238088
0.000202896	70.388943
0.000205475	70.5518664
0.000205475	70.5518664
0.000205475	70.932021
0.000205475	71.1794232
0.000208914	71.1794232
0.000214072	71.263902
0.000214072	71.263902
0.000217511	71.5113042
0.00022181	71.8431852
0.00022181	71.8431852
0.00022267	72.0061086
0.00022267	72.0061086
0.000227828	72.2535108
0.000230407	72.5190156
0.000230407	72.5190156
0.000231267	72.7483152
0.000235566	72.9172728
0.000235566	72.9172728
0.000237285	73.1827776
0.000238145	73.4301798
0.000238145	73.4301798
0.000237285	73.5810348
0.000237285	73.5810348
0.000242443	73.9008474
0.000248462	74.0637708
0.000248462	74.0637708
0.000249321	74.2327284
0.0002519	74.5646094
0.0002519	74.5646094
0.00025276	74.7094302
0.00025276	74.8964904
0.00025362	74.8964904
0.000259638	75.2102688
0.000259638	75.2102688
0.000260498	75.4757736
0.000267376	75.5542182
0.000267376	75.5542182
0.000267376	75.8740308
0.000267376	76.0852278
0.000269095	76.0852278
0.000267376	76.2179802
0.000267376	76.2179802
0.000273394	76.5498612
0.000278552	76.7188188
0.000278552	76.7188188
0.000281131	76.8696738
0.000281131	76.8696738
0.00028371	77.117076
0.000281131	77.3644782
0.000281131	77.3644782
0.00028543	77.690325
0.00028543	77.7748038
0.000289729	77.7748038
0.000288869	78.0101376
0.000288869	78.0101376
0.000291448	78.2756424
0.000291448	78.2756424
0.000295747	78.6738996
0.000303484	78.7583784
0.000303484	78.7583784
0.000306063	78.9394044
0.000306063	78.9394044
0.000310362	79.168704
0.000313801	79.4221404
0.000313801	79.4221404
0.00031724	79.6695426
0.00031724	79.7540214
0.000319819	79.7540214
0.000323258	80.0014236
0.000323258	80.0014236
0.000325837	80.3514072
0.000325837	80.4177834
0.000329276	80.4177834
0.000332715	80.6531172
0.000333575	80.9367246
0.000333575	80.9367246
0.000337873	81.069477
0.000337873	81.2686056
0.00034733	81.5703156
0.00034733	81.5703156
0.00034991	81.733239
0.000351629	81.8177178
0.000351629	81.8177178
0.000355928	82.1495988
0.000353348	82.3185564
0.000353348	82.3185564
0.000360226	82.487514
0.000360226	82.7168136
0.000365385	82.7168136
0.000365385	82.8857712
0.000365385	83.0547288
0.000367104	83.0547288
0.000374842	83.302131
0.000374842	83.302131
0.000376561	83.5374648
0.000381719	83.634012
0.000381719	83.634012
0.000386878	83.905551
0.000387738	84.0383034
0.000387738	84.0383034
0.000393756	84.1891584
0.000393756	84.4425948
0.000393756	84.4425948
0.000397195	84.5934498
0.000398914	84.7744758
0.000398914	84.7744758
0.000405792	85.0942884
0.000408371	85.1787672
0.000408371	85.1787672
0.000407511	85.3597932
0.000413529	85.625298
0.000413529	85.625298
0.000413529	85.625298
0.000414389	85.9994184
0.000414389	85.9994184
0.000424706	86.0838972
0.000428145	86.2528548
0.000428145	86.2528548
0.000429864	86.500257
0.000433303	86.651112
0.000433303	86.651112
0.000435023	86.8200696
0.000435882	87.1398822
0.000435882	87.1398822
0.000439321	87.1700532
0.000439321	87.3209082
0.00044362	87.3209082
0.000446199	87.6588234
0.000446199	87.7795074
0.00044448	87.7795074
0.000445339	87.978636
0.000445339	87.978636
0.000448778	88.2139698
0.000445339	88.3165512
0.000445339	88.3165512
0.000449638	88.4674062
0.000451357	88.7208426
0.000451357	88.7208426
0.000457376	88.8898002
0.000454796	89.00445
0.000454796	89.00445
0.000460814	89.2940916
0.000460814	89.3725362
0.000466833	89.3725362
0.000467692	89.5414938
0.00047371	89.8613064
0.00047371	89.8613064
0.000469412	89.8975116
0.000469412	90.030264
0.00047457	90.030264
0.000478869	90.3681792
0.000478869	90.452658
0.000484027	90.452658
0.000481448	90.6216156
0.000481448	90.9414282
0.000484027	90.9414282
0.000488326	90.9414282
0.000488326	90.9414282
0.000489186	91.176762
0.000496063	91.4241642
0.000496063	91.4241642
0.000497783	91.4422668
0.000502941	91.6776006
0.000502941	91.6776006
0.000501222	91.931037
0.000509819	91.9974132
0.000509819	91.9974132
0.000513258	92.2387812
0.000517557	92.4198072
0.000517557	92.4198072
0.000522715	92.504286
0.000530452	92.6611752
0.000530452	92.6611752
0.00053819	92.9146116
0.000541629	92.9990904
0.000541629	92.9990904
0.000542489	93.168048
0.000551086	93.4033818
0.000551086	93.4033818
0.000552805	93.4878606
0.000552805	93.6749208
0.000556244	93.6749208
0.000560543	93.892152
0.000560543	93.892152
0.000565701	93.9766308
0.000574299	94.163691
0.000574299	94.163691
0.000576878	94.3809222
0.000588054	94.4835036
0.000588054	94.4835036
0.000591493	94.6886664
0.000597511	94.8033162
0.000597511	94.8033162
0.000604389	94.9722738
0.00060095	95.2136418
0.00060095	95.2136418
0.000608688	95.310189
0.000608688	95.4489756
0.000608688	95.4489756
0.000617285	95.7205146
0.000615566	95.7868908
0.000615566	95.7868908
0.000620724	95.973951
0.000620724	96.2092848
0.000628462	96.2092848
0.000631041	96.2937636
0.0006319	96.3782424
0.0006319	96.3782424
0.000636199	96.607542
0.000641357	96.7764996
0.000641357	96.7764996
0.000649955	96.879081
0.000649955	97.1144148
0.000649095	97.1144148
0.000655113	97.180791
0.000655113	97.3497486
0.000656833	97.3497486
0.00066371	97.6212876
0.00066371	97.6212876
0.000661131	97.6755954
0.000668009	97.7721426
0.000668009	97.7721426
0.000672308	98.0436816
0.000672308	98.0979894
0.000672308	98.0979894
0.000679186	98.2307418
0.000684344	98.5203834
0.000684344	98.5203834
0.000688643	98.5022808
0.000687783	98.6712384
0.000687783	98.6712384
0.000691222	98.9246748
0.000698959	98.9970852
0.000698959	98.9970852
0.000698959	99.1660428
0.000706697	99.4194792
0.000706697	99.4194792
0.000704118	99.4194792
0.000710136	99.624642
0.000710136	99.624642
0.000715294	99.8479074
0.000717873	99.8298048
0.000717873	99.8298048
0.000722172	100.0289334
0.000723891	100.228062
0.000723891	100.228062
0.00072991	100.318575
0.00072991	100.4875326
0.000736787	100.4875326
0.000737647	100.6564902
0.000737647	100.740969
0.000745385	100.740969
0.000745385	100.891824
0.000745385	100.891824
0.000752262	101.133192
0.000756561	101.1814656
0.000756561	101.1814656
0.000754842	101.3021496
0.000766018	101.555586
0.000766018	101.555586
0.000768597	101.5374834
0.000777195	101.7245436
0.000777195	101.7245436
0.000779774	101.97798
0.000782353	101.947809
0.000782353	101.947809
0.000789231	102.1167666
0.00079267	102.370203
0.00079267	102.370203
0.000800407	102.370203
0.000802127	102.5572632
0.000802127	102.5572632
0.000809005	102.7805286
0.000809005	102.7986312
0.000810724	102.7986312
0.000813303	103.0158624
0.000813303	103.0158624
0.0008219	103.2029226
0.000820181	103.2029226
0.000820181	103.2029226
0.000826199	103.3598118
0.000828778	103.6011798
0.000828778	103.6011798
0.000833077	103.6132482
0.000833077	103.8365136
0.000842534	103.8365136
0.000844253	103.9209924
0.000844253	103.9209924
0.000846833	104.0054712
0.00085629	104.1744288
0.00085629	104.1744288
0.000858009	104.3795916
0.000862308	104.4157968
0.000862308	104.4157968
0.000865747	104.602857
0.000865747	104.602857
0.000870905	104.753712
0.000878643	104.753712
0.000878643	104.753712
0.000884661	104.9588748
0.0008881	105.1640376
0.0008881	105.1640376
0.000894118	105.1640376
0.000894118	105.3329952
0.000902715	105.3329952
0.000902715	105.4898844
0.000902715	105.4898844
0.000902715	105.5743632
0.000911312	105.7433208
0.000911312	105.7433208
0.000913032	105.90021
0.000916471	105.90021
0.000916471	105.90021
0.000923348	106.1536464
0.000924208	106.2200226
0.000924208	106.2200226
0.000924208	106.2200226
0.000931086	106.5217326
0.000931086	106.5217326
0.000934525	106.6122456
0.000934525	106.7812032
0.000930226	106.7812032
0.000931086	106.9320582
0.000931086	106.9320582
0.000933665	106.9320582
0.000941403	107.0889474
0.000941403	107.0889474
0.000945701	107.2760076
0.000943982	107.3604864
0.000943982	107.499273
0.000943982	107.499273
0.00095	107.6018544
0.00095	107.6863332
0.000952579	107.6863332
0.000955158	107.8251198
0.000955158	107.8251198
0.000963756	108.0001116
0.000960317	108.102693
0.000960317	108.102693
0.000966335	108.1690692
0.000968054	108.4104372
0.000968054	108.4104372
0.000970633	108.4225056
0.000977511	108.494916
0.000977511	108.494916
0.000980091	108.7302498
0.000984389	108.7483524
0.000984389	108.7483524
0.000989548	108.8147286
0.000993846	109.0923018
0.000993846	109.0923018
0.000995566	109.0560966
0.001000724	109.1948832
0.001000724	109.1948832
0.001005023	109.400046
0.001008462	109.4483196
0.001008462	109.4483196
0.001009321	109.550901
0.001009321	109.792269
0.00101448	109.792269
0.001023077	109.8284742
0.001023077	109.8948504
0.001029095	109.8948504
0.001036833	110.0698422
0.001036833	110.0698422
0.001039412	110.1362184
0.00104457	110.275005
0.00104457	110.275005
0.001049729	110.4137916
0.001055747	110.4801678
0.001055747	110.4801678
0.001059186	110.546544
0.001066063	110.7396384
0.001066063	110.7396384
0.001069502	110.8060146
0.001074661	110.8723908
0.001074661	110.8723908
0.001082398	111.0654852
0.001086697	111.1137588
0.001086697	111.1137588
0.001086697	111.2163402
0.001094434	111.4275372
0.001094434	111.4275372
0.001101312	111.4396056
0.001102172	111.5301186
0.001102172	111.5301186
0.001105611	111.7714866
0.001105611	111.7714866
0.001105611	111.7714866
0.001113348	111.843897
0.001113348	112.0128546
0.001119367	112.0128546
0.001119367	112.0792308
0.001119367	112.0792308
0.001125385	112.1999148
0.001128824	112.356804
0.001128824	112.356804
0.001134842	112.4412828
0.001134842	112.4412828
0.001137421	112.507659
0.001141719	112.598172
0.001141719	112.598172
0.001145158	112.6645482
0.001145158	112.8516084
0.001152036	112.8516084
0.001152896	112.990395
0.001152896	112.990395
0.001160633	113.0084976
0.001161493	113.1653868
0.001161493	113.1653868
0.00117095	113.2498656
0.001173529	113.2498656
0.001173529	113.2498656
0.001173529	113.4188232
0.001183846	113.5757124
0.001183846	113.5757124
0.001186425	113.593815
0.001188145	113.7627726
0.001188145	113.7627726
0.001193303	113.9196618
0.001193303	113.9015592
0.001197602	113.9015592
0.001207059	114.0584484
0.001207059	114.1429272
0.001207919	114.1429272
0.001215656	114.227406
0.001215656	114.3360216
0.001219955	114.3360216
0.001225113	114.4868766
0.001225113	114.4868766
0.001231991	114.468774
0.001238009	114.589458
0.001238009	114.589458
0.001239729	114.8187576
0.001243167	114.7282446
0.001243167	114.7282446
0.001250045	114.8851338
0.001253484	115.072194
0.001253484	115.072194
0.001257783	115.0601256
0.001261222	115.1446044
0.001261222	115.1446044
0.001268959	115.313562
0.001271538	115.313562
0.001271538	115.313562
0.001279276	115.4825196
0.001279276	115.5488958
0.001283575	115.5488958
0.001287014	115.5669984
0.001287014	115.7238876
0.001292172	115.7238876
0.00129733	115.8747426
0.00129733	115.8747426
0.001300769	115.8747426
0.001302489	116.0497344
0.001302489	116.0497344
0.001310226	116.1342132
0.001310226	116.1523158
0.001313665	116.1523158
0.001317964	116.218692
0.001317964	116.2911024
0.001323122	116.2911024
0.001327421	116.4781626
0.001327421	116.4781626
0.001335158	116.46006
0.001337738	116.6169492
0.001337738	116.6169492
0.001342036	116.701428
0.001348914	116.701428
0.001348914	116.701428
0.001354932	116.8583172
0.001358371	117.0152064
0.001358371	117.0152064
0.001360091	117.0152064
0.001360091	117.0152064
0.001368688	117.0996852
0.001372127	117.274677
0.001372127	117.274677
0.001379864	117.3591558
0.001379864	117.425532
0.001383303	117.425532
0.0013919	117.4436346
0.0013919	117.4436346
0.00139362	117.5824212
0.001397059	117.6850026
0.001397059	117.6850026
0.001399638	117.7031052
0.001408235	117.8237892
0.001408235	117.8237892
0.001413394	118.0168836
0.001413394	118.0168836
0.001421131	118.0168836
0.00142629	118.0168836
0.00142629	118.0168836
0.001430588	118.1737728
0.001436606	118.2763542
0.001436606	118.2763542
0.001442624	118.3427304
0.001447783	118.4453118
0.001447783	118.4453118
0.001459819	118.4996196
0.001459819	118.5177222
0.001472715	118.5177222
0.001476154	118.6746114
0.001476154	118.6746114
0.001483891	118.7590902
0.001491629	118.843569
0.001491629	118.843569
0.001493348	118.9159794
0.001501946	119.0004582
0.001501946	119.0004582
0.001507104	119.0004582
0.001514842	119.1573474
0.001514842	119.1573474
0.00152	119.235792
0.001530317	119.2538946
0.001530317	119.2538946
0.001529457	119.4107838
0.001529457	119.4107838
0.001529457	119.4107838
0.001538914	119.6400834
0.001548371	119.7969726
0.001548371	119.7969726
0.00155267	119.77887
0.001556109	119.8814514
0.001556109	119.8814514
0.001566425	119.9719644
0.001573303	119.9538618
0.001573303	119.9538618
0.001581041	120.110751
0.001581041	120.1288536
0.001586199	120.1288536
0.001593937	120.2133324
0.001593937	120.3883242
0.001599095	120.3883242
0.001605973	120.3702216
0.001605973	120.4547004
0.001606833	120.4547004
0.001608552	120.6115896
0.001608552	120.6296922
0.001610272	120.6296922
0.00161371	120.714171
0.00161371	120.714171
0.001620588	120.8529576
0.001627466	120.834855
0.001627466	120.834855
0.001630045	120.8529576
0.001637783	121.0279494
0.001637783	121.0279494
0.001642081	121.0279494
0.00164552	121.1124282
0.00164552	121.1124282
0.001654118	121.2693174
0.001658416	121.28742
0.001658416	121.28742
0.001665294	121.28742
0.001669593	121.4443092
0.001669593	121.4443092
0.00167991	121.528788
0.00167991	121.528788
0.001687647	121.528788
0.001693665	121.6856772
0.001693665	121.6856772
0.001703122	121.6856772
0.001708281	121.7339508
0.001708281	121.7339508
0.001715158	121.9270452
0.001720317	121.8425664
0.001720317	121.8425664
0.001729774	121.9270452
0.001736652	122.102037
0.001736652	122.102037
0.00174095	122.0839344
0.001745249	122.1865158
0.001745249	122.1865158
0.001752127	122.343405
0.001757285	122.2589262
0.001757285	122.2589262
0.001764163	122.4278838
0.001775339	122.5002942
0.001775339	122.5002942
0.001780498	122.5183968
0.001788235	122.584773
0.001788235	122.584773
0.001799412	122.7235596
0.001799412	122.7235596
0.001810588	122.7235596
0.001819186	122.8321752
0.001819186	122.916654
0.001823484	122.916654
0.001833801	122.916654
0.001833801	122.916654
0.00183638	122.9830302
0.001847557	123.158022
0.001847557	123.158022
0.001859593	123.0735432
0.001865611	123.158022
0.001865611	123.158022
0.001880226	123.2968086
0.001895701	123.2304324
0.001895701	123.2304324
0.001906878	123.3330138
0.001915475	123.489903
0.001915475	123.489903
0.001921493	123.39939
0.001921493	123.520074
0.001925792	123.520074
0.001936109	123.6467922
0.001936109	123.6467922
0.001937828	123.6467922
0.001944706	123.731271
0.001944706	123.731271
0.001954163	123.7976472
0.0019619	123.8157498
0.0019619	123.8157498
0.001973077	123.972639
0.001973077	124.063152
0.001973077	124.063152
0.001985113	123.972639
0.001990272	124.1476308
0.001990272	124.1476308
0.001999729	124.2321096
0.001999729	124.214007
0.002010045	124.214007
0.002017783	124.3708962
0.002017783	124.3708962
0.002020362	124.3889988
0.00202638	124.3889988
0.00202638	124.3889988
0.002034977	124.4614092
0.002040995	124.636401
0.002040995	124.636401
0.002046154	124.636401
0.002055611	124.636401
0.002055611	124.636401
0.002060769	124.787256
0.002065928	124.757085
0.002065928	124.757085
0.002072805	124.877769
0.002079683	124.9622478
0.002079683	124.9622478
0.002085701	124.9441452
0.002093439	125.0346582
0.002093439	125.0346582
0.002098597	125.119137
0.002098597	125.119137
0.002107195	125.119137
0.002116652	125.1915474
0.002116652	125.2941288
0.002125249	125.2941288
0.002132986	125.2760262
0.002132986	125.451018
0.002144163	125.451018
0.002151041	125.451018
0.002151041	125.451018
0.002161357	125.451018
0.002172534	125.6079072
0.002172534	125.6079072
0.002178552	125.6260098
0.002188009	125.7104886
0.002188009	125.7104886
0.002198326	125.782899
0.002204344	125.782899
0.002204344	125.782899
0.002213801	125.7647964
0.002219819	125.9578908
0.002219819	125.9578908
0.002223258	125.9578908
0.002235294	126.024267
