-1.68E-06	1.0146
-1.68E-06	1.0146
-1.68E-06	1.0146
-1.68E-06	1.0146
-1.68E-06	1.0146
-1.83E-06	1.08402
-1.83E-06	1.08402
-1.83E-06	1.08402
-1.72E-06	0.99858
-1.72E-06	0.99858
-1.72E-06	0.99858
-1.72E-06	0.99858
-1.72E-06	1.08402
-1.72E-06	1.08402
-1.72E-06	1.08402
-1.72E-06	1.08402
-1.72E-06	1.08402
-1.72E-06	1.08402
-1.72E-06	1.08402
-1.72E-06	1.08402
-1.87E-06	1.1481
-1.87E-06	1.1481
-1.75E-06	1.08402
-1.75E-06	1.08402
-1.75E-06	1.08402
-1.75E-06	1.1481
-1.75E-06	1.1481
-1.75E-06	1.1481
-1.75E-06	1.1481
-1.75E-06	1.1481
-1.75E-06	1.1481
-1.75E-06	1.1481
-1.75E-06	1.1481
-1.75E-06	1.1481
-1.75E-06	1.1481
-1.75E-06	1.1481
-1.75E-06	1.1481
-1.75E-06	1.1481
-1.75E-06	1.1481
-1.90E-06	1.23354
-1.90E-06	1.23354
-1.90E-06	1.23354
-1.90E-06	1.23354
-1.90E-06	1.23354
-1.90E-06	1.23354
-1.90E-06	1.23354
-1.90E-06	1.29762
-1.90E-06	1.29762
-1.90E-06	1.29762
-1.90E-06	1.21752
-1.90E-06	1.21752
-1.90E-06	1.23354
-1.90E-06	1.23354
-1.90E-06	1.23354
-1.90E-06	1.28694
-1.90E-06	1.28694
-1.90E-06	1.28694
-1.90E-06	1.28694
-1.90E-06	1.28694
-1.90E-06	1.29762
-1.90E-06	1.29762
-1.90E-06	1.31364
-1.90E-06	1.31364
-1.90E-06	1.31364
-1.90E-06	1.28694
-1.90E-06	1.28694
-1.90E-06	1.36704
-1.90E-06	1.36704
-1.90E-06	1.36704
-1.90E-06	1.36704
-1.90E-06	1.36704
-1.90E-06	1.36704
-1.90E-06	1.36704
-1.98E-06	1.42044
-1.98E-06	1.42044
-1.98E-06	1.42044
-1.98E-06	1.40976
-1.98E-06	1.40976
-1.98E-06	1.42044
-1.98E-06	1.42044
-1.98E-06	1.42044
-1.98E-06	1.48986
-1.98E-06	1.48986
-1.98E-06	1.42044
-1.98E-06	1.42044
-1.98E-06	1.44714
-1.98E-06	1.44714
-1.98E-06	1.44714
-2.06E-06	1.55928
-2.06E-06	1.55928
-2.06E-06	1.50054
-2.06E-06	1.50054
-2.06E-06	1.50054
-2.06E-06	1.50054
-2.06E-06	1.50054
-2.06E-06	1.56996
-2.06E-06	1.56996
-2.06E-06	1.55928
-2.06E-06	1.55928
-2.06E-06	1.55928
-2.06E-06	1.55928
-2.06E-06	1.55928
-2.06E-06	1.63938
-2.06E-06	1.63938
-2.06E-06	1.56996
-2.06E-06	1.56996
-2.06E-06	1.56996
-2.06E-06	1.63938
-2.06E-06	1.63938
-2.06E-06	1.63938
-2.06E-06	1.63938
-2.06E-06	1.63938
-2.06E-06	1.63938
-2.06E-06	1.63938
-2.13E-06	1.71948
-2.13E-06	1.71948
-2.13E-06	1.71948
-2.13E-06	1.71948
-2.13E-06	1.71948
-2.13E-06	1.71948
-2.13E-06	1.71948
-2.13E-06	1.7889
-2.13E-06	1.7889
-2.13E-06	1.7889
-2.13E-06	1.7088
-2.13E-06	1.7088
-2.13E-06	1.7889
-2.13E-06	1.7889
-2.13E-06	1.7889
-2.21E-06	1.8423
-2.21E-06	1.8423
-2.21E-06	1.7889
-2.21E-06	1.7889
-2.21E-06	1.85832
-2.21E-06	1.85832
-2.21E-06	1.85832
-2.21E-06	1.9224
-2.21E-06	1.9224
-2.21E-06	1.8423
-2.21E-06	1.8423
-2.21E-06	1.8423
-2.21E-06	1.9224
-2.21E-06	1.9224
-2.21E-06	1.9224
-2.21E-06	1.9224
-2.21E-06	1.9224
-2.21E-06	1.9224
-2.21E-06	1.9224
-2.29E-06	2.00784
-2.29E-06	2.00784
-2.29E-06	1.99182
-2.29E-06	1.99182
-2.29E-06	1.99182
-2.29E-06	2.00784
-2.29E-06	2.00784
-2.29E-06	2.07192
-2.29E-06	2.07192
-2.29E-06	2.07192
-2.29E-06	2.01852
-2.29E-06	2.01852
-2.29E-06	2.07192
-2.29E-06	2.07192
-2.29E-06	2.07192
-2.36E-06	2.15736
-2.36E-06	2.15736
-2.36E-06	2.07192
-2.36E-06	2.07192
-2.36E-06	2.07192
-2.36E-06	2.13066
-2.36E-06	2.13066
-2.36E-06	2.21076
-2.36E-06	2.21076
-2.36E-06	2.14134
-2.36E-06	2.14134
-2.36E-06	2.14134
-2.36E-06	2.21076
-2.36E-06	2.21076
-2.44E-06	2.29086
-2.44E-06	2.29086
-2.44E-06	2.29086
-2.44E-06	2.22144
-2.44E-06	2.22144
-2.44E-06	2.29086
-2.44E-06	2.29086
-2.44E-06	2.28018
-2.44E-06	2.28018
-2.44E-06	2.28018
-2.44E-06	2.28018
-2.44E-06	2.28018
-2.44E-06	2.36028
-2.44E-06	2.36028
-2.44E-06	2.36028
-2.44E-06	2.36028
-2.44E-06	2.36028
-2.44E-06	2.36028
-2.44E-06	2.36028
-2.44E-06	2.36028
-2.52E-06	2.4297
-2.52E-06	2.4297
-2.52E-06	2.4297
-2.52E-06	2.4297
-2.52E-06	2.4297
-2.52E-06	2.4297
-2.52E-06	2.4297
-2.52E-06	2.49378
-2.52E-06	2.49378
-2.52E-06	2.46708
-2.52E-06	2.46708
-2.52E-06	2.46708
-2.52E-06	2.46708
-2.67E-06	2.62728
-2.67E-06	2.62728
-2.67E-06	2.6967
-2.67E-06	2.6967
-2.67E-06	2.6967
-7.55E-06	2.7768
-7.55E-06	2.7768
-7.55E-06	2.6967
-7.55E-06	2.6967
-7.55E-06	2.6967
-7.55E-06	2.7768
-7.55E-06	2.7768
-7.61E-06	2.88894
-7.61E-06	2.88894
-7.61E-06	2.7768
-7.61E-06	2.7768
-7.61E-06	2.7768
-7.61E-06	2.92632
-7.61E-06	2.92632
-7.61E-06	2.91564
-7.61E-06	2.91564
-7.61E-06	2.91564
-7.61E-06	2.91564
-7.61E-06	2.91564
-7.63E-06	3.07584
-7.63E-06	3.07584
-7.63E-06	3.07584
-2.86E-06	2.99574
-2.86E-06	2.99574
-2.86E-06	3.04914
-2.86E-06	3.04914
-7.09E-06	3.21468
-7.09E-06	3.21468
-7.09E-06	3.21468
-2.99E-06	3.12924
-2.99E-06	3.12924
-2.99E-06	3.19866
-2.99E-06	3.19866
-2.99E-06	3.19866
-7.64E-06	3.3642
-7.64E-06	3.3642
-7.64E-06	3.34818
-7.64E-06	3.34818
-7.64E-06	3.34818
-7.65E-06	3.43362
-7.65E-06	3.43362
-7.65E-06	3.55644
-7.65E-06	3.55644
-7.65E-06	3.55644
-7.66E-06	3.56712
-7.66E-06	3.56712
-7.66E-06	3.66324
-7.66E-06	3.66324
-8.88E-06	3.77538
-8.88E-06	3.77538
-8.88E-06	3.77538
-8.88E-06	3.78606
-8.88E-06	3.78606
-8.91E-06	3.9249
-8.91E-06	3.9249
-8.91E-06	3.9249
-8.91E-06	4.005
-8.91E-06	4.005
-8.91E-06	4.005
-8.91E-06	4.005
-8.91E-06	4.005
-8.95E-06	4.14384
-8.95E-06	4.14384
-8.99E-06	4.22394
-8.99E-06	4.22394
-8.99E-06	4.29336
-8.99E-06	4.29336
-8.99E-06	4.29336
-9.07E-06	4.5123
-9.07E-06	4.5123
-9.07E-06	4.5123
-9.07E-06	4.5123
-9.07E-06	4.5123
-9.14E-06	4.68852
-9.14E-06	4.68852
-1.06E-05	4.98756
-1.06E-05	4.98756
-1.06E-05	4.98756
-1.06E-05	4.95018
-1.06E-05	4.95018
-1.06E-05	5.16378
-1.06E-05	5.16378
-1.06E-05	5.16378
-1.06E-05	5.46816
-1.06E-05	5.46816
-1.06E-05	5.46816
-1.06E-05	5.46816
-1.06E-05	5.6871
-1.06E-05	5.6871
-1.06E-05	5.6871
-1.07E-05	5.93274
-1.07E-05	5.93274
-1.07E-05	6.03954
-1.07E-05	6.03954
-1.07E-05	6.03954
-1.07E-05	6.3279
-1.07E-05	6.3279
-1.07E-05	6.50412
-1.07E-05	6.50412
-1.07E-05	6.50412
-1.07E-05	6.63228
-1.07E-05	6.63228
-1.08E-05	7.00074
-1.08E-05	7.00074
-1.09E-05	7.20366
-1.09E-05	7.20366
-1.09E-05	7.20366
-1.09E-05	7.35852
-1.09E-05	7.35852
-1.22E-05	7.7964
-1.22E-05	7.7964
-1.22E-05	7.7964
-1.22E-05	7.93524
-1.22E-05	7.93524
-1.22E-05	8.01534
-1.22E-05	8.01534
-1.22E-05	8.01534
-1.23E-05	8.52264
-1.23E-05	8.52264
-1.23E-05	8.59206
-1.23E-05	8.59206
-1.30E-05	8.93382
-1.30E-05	8.93382
-1.30E-05	8.93382
-1.44E-05	9.38772
-1.44E-05	9.38772
-1.45E-05	9.48384
-1.45E-05	9.48384
-1.45E-05	9.48384
-1.45E-05	9.84162
-1.45E-05	9.84162
-1.45E-05	10.34892
-1.45E-05	10.34892
-1.45E-05	10.34892
-1.45E-05	10.48776
-1.45E-05	10.48776
-1.52E-05	10.92564
-1.52E-05	10.92564
-1.53E-05	11.28342
-1.53E-05	11.28342
-1.53E-05	11.28342
-1.53E-05	11.51838
-1.53E-05	11.51838
-1.62E-05	12.015
-1.62E-05	12.015
-1.62E-05	12.015
-1.62E-05	12.31938
-1.62E-05	12.31938
-1.65E-05	12.63444
-1.65E-05	12.63444
-1.65E-05	12.63444
-1.66E-05	13.17378
-1.66E-05	13.17378
-1.66E-05	13.47816
-1.66E-05	13.47816
-1.66E-05	13.47816
-1.67E-05	13.83594
-1.67E-05	13.83594
-1.73E-05	14.4981
-1.73E-05	14.4981
-1.75E-05	14.72238
-1.75E-05	14.72238
-1.75E-05	14.72238
-1.76E-05	15.1923
-1.76E-05	15.1923
-1.76E-05	15.81174
-1.76E-05	15.81174
-1.76E-05	16.03602
-1.76E-05	16.03602
-1.76E-05	16.03602
-1.76E-05	16.61808
-1.76E-05	16.61808
-1.85E-05	17.17344
-1.85E-05	17.17344
-1.85E-05	17.17344
-1.98E-05	17.4084
-1.98E-05	17.4084
-1.99E-05	18.03318
-1.99E-05	18.03318
-1.99E-05	18.03318
-2.02E-05	18.61524
-2.02E-05	18.61524
-2.03E-05	18.89292
-2.03E-05	18.89292
-2.03E-05	19.60314
-2.03E-05	19.60314
-2.03E-05	19.60314
-2.29E-05	20.11578
-2.29E-05	20.11578
-2.30E-05	20.4789
-2.30E-05	20.4789
-2.30E-05	20.4789
-2.31E-05	21.20514
-2.31E-05	21.20514
-2.32E-05	21.63768
-2.32E-05	21.63768
-2.32E-05	21.63768
-2.33E-05	22.08624
-2.33E-05	22.08624
-2.44E-05	22.95132
-2.44E-05	22.95132
-2.44E-05	22.95132
-2.44E-05	23.2557
-2.44E-05	23.2557
-2.45E-05	23.8431
-2.45E-05	23.8431
-2.55E-05	24.6441
-2.55E-05	24.6441
-2.55E-05	24.6441
-2.68E-05	24.99654
-2.68E-05	24.99654
-2.68E-05	25.58394
-2.68E-05	25.58394
-2.68E-05	25.58394
-2.70E-05	26.31018
-2.70E-05	26.31018
-2.70E-05	26.74272
-2.70E-05	26.74272
-2.70E-05	26.74272
-2.83E-05	27.38886
-2.83E-05	27.38886
-2.86E-05	27.99762
-2.86E-05	27.99762
-2.88E-05	28.50492
-2.88E-05	28.50492
-2.88E-05	28.50492
-3.04E-05	29.33262
-3.04E-05	29.33262
-3.05E-05	29.81322
-3.05E-05	29.81322
-3.05E-05	29.81322
-3.21E-05	30.40062
-3.21E-05	30.40062
-3.25E-05	31.26036
-3.25E-05	31.26036
-3.25E-05	31.26036
-3.28E-05	31.78902
-3.28E-05	31.78902
-3.31E-05	32.38176
-3.31E-05	32.38176
-3.43E-05	33.25752
-3.43E-05	33.25752
-3.43E-05	33.25752
-3.52E-05	33.67938
-3.52E-05	33.67938
-3.56E-05	34.40028
-3.56E-05	34.40028
-3.56E-05	34.40028
-3.81E-05	35.2173
-3.81E-05	35.2173
-3.84E-05	35.65518
-3.84E-05	35.65518
-3.84E-05	35.65518
-3.90E-05	36.4455
-3.90E-05	36.4455
-3.99E-05	37.25718
-3.99E-05	37.25718
-4.11E-05	37.68438
-4.11E-05	37.68438
-4.11E-05	37.68438
-4.20E-05	38.5014
-4.20E-05	38.5014
-4.81E-05	39.29706
-4.81E-05	39.29706
-4.81E-05	39.29706
-4.93E-05	39.82572
-4.93E-05	39.82572
-5.18E-05	40.6908
-5.18E-05	40.6908
-5.18E-05	40.6908
-5.42E-05	41.26218
-5.42E-05	41.26218
-5.79E-05	41.92968
-5.79E-05	41.92968
-5.79E-05	41.92968
-6.27E-05	42.86952
-6.27E-05	42.86952
-6.76E-05	43.37148
-6.76E-05	43.37148
-6.91E-05	44.0283
-6.91E-05	44.0283
-6.91E-05	44.0283
-7.28E-05	45.0429
-7.28E-05	45.0429
-7.76E-05	45.55554
-7.76E-05	45.55554
-7.76E-05	45.55554
-8.25E-05	46.22838
-8.25E-05	46.22838
-8.98E-05	47.10414
-8.98E-05	47.10414
-8.98E-05	47.10414
-9.71E-05	47.7396
-9.71E-05	47.7396
-0.000104382	48.49788
-0.000104382	48.49788
-0.000114096	49.21344
-0.000114096	49.21344
-0.000114096	49.21344
-0.000123806	49.8756
-0.000123806	49.8756
-0.000133511	50.74068
-0.000133511	50.74068
-0.000133511	50.74068
-0.000143212	51.40818
-0.000143212	51.40818
-0.000152907	52.05432
-0.000152907	52.05432
-0.000152907	52.05432
-0.000167444	53.01018
-0.000167444	53.01018
-0.000174707	53.59758
-0.000174707	53.59758
-0.000174707	53.59758
-0.000184387	54.35586
-0.000184387	54.35586
-0.000198901	55.269
-0.000198901	55.269
-0.000206152	55.78698
-0.000206152	55.78698
-0.000206152	55.78698
-0.000215817	56.58798
-0.000215817	56.58798
-0.000225477	57.4584
-0.000225477	57.4584
-0.000225477	57.4584
-0.000225477	57.4584
-0.000244788	58.58514
-0.000244788	58.58514
-0.000252023	59.1672
-0.000252023	59.1672
-0.000252023	59.1672
-0.000264076	59.89344
-0.000264076	59.89344
-0.000273713	60.62502
-0.000273713	60.62502
-0.000273713	60.62502
-0.000285753	61.20708
-0.000285753	61.20708
-0.000295379	61.85322
-0.000295379	61.85322
-0.000305	62.4513
-0.000305	62.4513
-0.000305	62.4513
-0.000314617	63.0387
-0.000314617	63.0387
-0.000324229	63.6795
-0.000324229	63.6795
-0.000324229	63.6795
-0.000336238	64.19214
-0.000336238	64.19214
-0.000345839	64.79022
-0.000345839	64.79022
-0.000345839	64.79022
-0.000357835	65.51646
-0.000357835	65.51646
-0.000367426	65.95434
-0.000367426	65.95434
-0.000367426	65.95434
-0.000379409	66.52572
-0.000379409	66.52572
-0.000391384	67.26264
-0.000391384	67.26264
-0.000400959	67.70052
-0.000400959	67.70052
-0.000400959	67.70052
-0.000410529	68.352
-0.000410529	68.352
-0.000429659	68.95008
-0.000429659	68.95008
-0.000439215	69.4467
-0.000439215	69.4467
-0.000439215	69.4467
-0.000448766	70.09818
-0.000448766	70.09818
-0.000463086	70.62684
-0.000463086	70.62684
-0.000463086	70.62684
-0.000472625	71.14482
-0.000472625	71.14482
-0.000486928	71.79096
-0.000486928	71.79096
-0.000486928	71.79096
-0.000498838	72.36234
-0.000498838	72.36234
-0.000513121	72.88032
-0.000513121	72.88032
-0.000513121	72.88032
-0.000527393	73.54782
-0.000527393	73.54782
-0.000541655	74.04978
-0.000541655	74.04978
-0.000551157	74.55174
-0.000551157	74.55174
-0.000551157	74.55174
-0.00057015	75.20322
-0.00057015	75.20322
-0.000579637	75.66246
-0.000579637	75.66246
-0.000579637	75.66246
-0.000593861	76.2285
-0.000593861	76.2285
-0.000612812	76.896
-0.000612812	76.896
-0.000622278	77.3232
-0.000622278	77.3232
-0.000622278	77.3232
-0.000636471	77.91594
-0.000636471	77.91594
-0.000650653	78.42324
-0.000650653	78.42324
-0.000650653	78.42324
-0.000664825	78.93054
-0.000664825	78.93054
-0.000678987	79.52862
-0.000678987	79.52862
-0.000678987	79.52862
-0.000693138	80.03058
-0.000693138	80.03058
-0.000702565	80.53788
-0.000702565	80.53788
-0.000702565	80.53788
-0.00072141	81.11994
-0.00072141	81.11994
-0.000740237	81.64326
-0.000740237	81.64326
-0.000759045	82.12386
-0.000759045	82.12386
-0.000759045	82.12386
-0.000773138	82.72194
-0.000773138	82.72194
-0.00078722	83.1705
-0.00078722	83.1705
-0.00078722	83.1705
-0.000801292	83.6778
-0.000801292	83.6778
-0.000820041	84.32394
-0.000820041	84.32394
-0.000820041	84.32394
-0.000829406	84.69774
-0.000829406	84.69774
-0.000852807	85.22106
-0.000852807	85.22106
-0.000866831	85.78176
-0.000866831	85.78176
-0.000866831	85.78176
-0.000885516	86.15556
-0.000885516	86.15556
-0.000904182	86.74296
-0.000904182	86.74296
-0.000904182	86.74296
-0.000922831	87.25026
-0.000922831	87.25026
-0.000932146	87.67212
-0.000932146	87.67212
-0.000960077	88.20078
-0.000960077	88.20078
-0.000960077	88.20078
-0.000978671	88.70274
-0.000978671	88.70274
-0.000997246	89.14062
-0.000997246	89.14062
-0.000997246	89.14062
-0.001015804	89.65326
-0.001015804	89.65326
-0.001043613	90.11784
-0.001043613	90.11784
-0.001043613	90.11784
-0.001052869	90.5397
-0.001052869	90.5397
-0.001089875	91.11108
-0.001089875	91.11108
-0.001089875	91.11108
-0.001117575	91.49022
-0.001117575	91.49022
-0.001136015	91.9281
-0.001136015	91.9281
-0.001154437	92.44074
-0.001154437	92.44074
-0.001154437	92.44074
-0.001172841	92.78784
-0.001172841	92.78784
-0.00120042	93.30048
-0.00120042	93.30048
-0.00120042	93.30048
-0.001218779	93.75438
-0.001218779	93.75438
-0.001255461	94.19226
-0.001255461	94.19226
-0.001301224	94.63014
-0.001301224	94.63014
-0.001301224	94.63014
-0.001319484	95.06802
-0.001319484	95.06802
-0.001346848	95.49522
-0.001346848	95.49522
-0.001346848	95.49522
-0.001374172	96.00786
-0.001374172	96.00786
-0.001392361	96.34428
-0.001392361	96.34428
-0.001392361	96.34428
-0.001410533	96.7341
-0.001410533	96.7341
-0.001446841	97.23606
-0.001446841	97.23606
-0.001474018	97.59918
-0.001474018	97.59918
-0.001474018	97.59918
-0.001510202	97.97832
-0.001510202	97.97832
-0.001546314	98.48028
-0.001546314	98.48028
-0.001546314	98.48028
-0.001582357	98.85408
-0.001582357	98.85408
-0.001618329	99.29196
-0.001618329	99.29196
-0.001618329	99.29196
-0.001645255	99.63906
-0.001645255	99.63906
-0.001681104	100.00752
-0.001681104	100.00752
-0.001681104	100.00752
-0.001716883	100.46142
-0.001716883	100.46142
-0.001752592	100.81386
-0.001752592	100.81386
-0.001770412	101.193
-0.001770412	101.193
-0.001770412	101.193
-0.001806017	101.60418
-0.001806017	101.60418
-0.001841552	101.98866
-0.001841552	101.98866
-0.001841552	101.98866
-0.001877018	102.2877
-0.001877018	102.2877
-0.001912414	102.70956
-0.001912414	102.70956
-0.001912414	102.70956
-0.001947741	103.07802
-0.001947741	103.07802
-0.001965371	103.36638
-0.001965371	103.36638
-0.002018206	103.82562
-0.002018206	103.82562
-0.002018206	103.82562
-0.002053327	104.1033
-0.002053327	104.1033
-0.002088379	104.40768
-0.002088379	104.40768
-0.002088379	104.40768
-0.002123363	104.83488
-0.002123363	104.83488
-0.002158278	105.12858
-0.002158278	105.12858
-0.002158278	105.12858
-0.002193125	105.50238
-0.002193125	105.50238
-0.002227904	105.85482
-0.002227904	105.85482
-0.002227904	105.85482
-0.002262615	106.14852
-0.002262615	106.14852
-0.002297259	106.50096
-0.002297259	106.50096
-0.002331834	106.80534
-0.002331834	106.80534
-0.002331834	106.80534
-0.002366343	107.09904
-0.002366343	107.09904
-0.002418004	107.45148
-0.002418004	107.45148
-0.002418004	107.45148
-0.002452344	107.75586
-0.002452344	107.75586
-0.002503753	108.04956
-0.002503753	108.04956
-0.002503753	108.04956
-0.002572097	108.402
-0.002572097	108.402
-0.002589117	108.63162
-0.002589117	108.63162
-0.002657128	108.92532
-0.002657128	108.92532
-0.002657128	108.92532
-0.002691001	109.35252
-0.002691001	109.35252
-0.002724808	109.49136
-0.002724808	109.49136
-0.002724808	109.49136
-0.002792289	109.87584
-0.002792289	109.87584
-0.002825898	110.15352
-0.002825898	110.15352
-0.002825898	110.15352
-0.002859441	110.38314
-0.002859441	110.38314
-0.002909657	110.69286
-0.002909657	110.69286
-0.002943037	110.95452
-0.002943037	110.95452
-0.002943037	110.95452
-0.002976351	111.18414
-0.002976351	111.18414
-0.00304285	111.50988
-0.00304285	111.50988
-0.00304285	111.50988
-0.003075969	111.77154
-0.003075969	111.77154
-0.003142079	111.96912
-0.003142079	111.96912
-0.003142079	111.96912
-0.00320793	112.29486
-0.00320793	112.29486
-0.003273524	112.55652
-0.003273524	112.55652
-0.003306193	112.77546
-0.003306193	112.77546
-0.003306193	112.77546
-0.003338798	113.08518
-0.003338798	113.08518
-0.003371339	113.22402
-0.003371339	113.22402
-0.003371339	113.22402
-0.003436295	113.51238
-0.003436295	113.51238
-0.003500997	113.80608
-0.003500997	113.80608
-0.003500997	113.80608
-0.003500997	113.94492
-0.003500997	113.94492
-0.003565446	114.16386
-0.003565446	114.16386
-0.003565446	114.16386
-0.003629644	114.45756
-0.003629644	114.45756
-0.003661617	114.67116
-0.003661617	114.67116
-0.003725439	114.8901
-0.003725439	114.8901
-0.003725439	114.8901
-0.003789011	115.15176
-0.003789011	115.15176
-0.003820674	115.33866
-0.003820674	115.33866
-0.003820674	115.33866
-0.003883874	115.62168
-0.003883874	115.62168
-0.003915351	115.76052
-0.003915351	115.76052
-0.003915351	115.76052
-0.003978182	115.97946
-0.003978182	115.97946
-0.004040767	116.20908
-0.004040767	116.20908
-0.004040767	116.35326
-0.004040767	116.35326
-0.004040767	116.35326
-0.004103108	116.58288
-0.004103108	116.58288
-0.004165205	116.8125
-0.004165205	116.8125
-0.004165205	116.8125
-0.004227059	116.9994
-0.004227059	116.9994
-0.004288672	117.20232
-0.004288672	117.20232
-0.004288672	117.20232
-0.004350045	117.43728
-0.004350045	117.43728
-0.004350045	117.51204
-0.004350045	117.51204
-0.004441744	117.80574
-0.004441744	117.80574
-0.004441744	117.80574
-0.004472131	117.9606
-0.004472131	117.9606
-0.004532787	118.10478
-0.004532787	118.10478
-0.004532787	118.10478
-0.004593206	118.3344
-0.004593206	118.3344
-0.004653388	118.55334
-0.004653388	118.55334
-0.004653388	118.55334
-0.004653388	118.6281
-0.004653388	118.6281
-0.004713336	118.8417
-0.004713336	118.8417
-0.004802906	119.06064
-0.004802906	119.06064
-0.004802906	119.06064
-0.004802906	119.11938
-0.004802906	119.11938
-0.004921634	119.41842
-0.004921634	119.41842
-0.004921634	119.41842
-0.004921634	119.49318
-0.004921634	119.49318
-0.004980534	119.63202
-0.004980534	119.63202
-0.004980534	119.63202
-0.005097873	119.883
-0.005097873	119.883
-0.005097873	119.97378
-0.005097873	119.97378
-0.005097873	119.97378
-0.005214296	120.16068
-0.005214296	120.16068
-0.005329809	120.3636
-0.005329809	120.3636
-0.005329809	120.4437
-0.005329809	120.4437
-0.005329809	120.4437
-0.00544442	120.6573
-0.00544442	120.6573
-0.00544442	120.80148
-0.00544442	120.80148
-0.00544442	120.80148
-0.005558136	120.95634
-0.005558136	120.95634
-0.005614549	121.09518
-0.005614549	121.09518
-0.005614549	121.09518
-0.005614549	121.23402
-0.005614549	121.23402
-0.005726935	121.33014
-0.005726935	121.33014
-0.00578269	121.53306
-0.00578269	121.53306
-0.00578269	121.53306
-0.005838226	121.68792
-0.005838226	121.68792
-0.005865886	121.76802
-0.005865886	121.76802
-0.005865886	121.76802
-0.005976308	122.0457
-0.005976308	122.0457
-0.005976308	122.1258
-0.005976308	122.1258
-0.005976308	122.1258
-0.006085869	122.26464
-0.006085869	122.26464
-0.006194573	122.4195
-0.006194573	122.4195
-0.006194573	122.47824
-0.006194573	122.47824
-0.006194573	122.47824
-0.006302428	122.69718
-0.006302428	122.69718
-0.00640944	122.85204
-0.00640944	122.85204
-0.00640944	122.85204
-0.00640944	122.93214
-0.00640944	122.93214
-0.006515616	123.07098
-0.006515616	123.07098
-0.006515616	123.07098
-0.006515616	123.20982
-0.006515616	123.20982
-0.006620963	123.28992
-0.006620963	123.28992
-0.006725487	123.42876
-0.006725487	123.42876
-0.006725487	123.42876
-0.006725487	123.58362
-0.006725487	123.58362
-0.006829194	123.6477
-0.006829194	123.6477
-0.006829194	123.6477
-0.006932091	123.86664
-0.006932091	123.86664
-0.006932091	123.9147
-0.006932091	123.9147
-0.006932091	123.9147
-0.007034184	124.00548
-0.007034184	124.00548
-0.007135479	124.24044
-0.007135479	124.24044
-0.007135479	124.24044
-0.007135479	124.22442
-0.007135479	124.22442
-0.007235983	124.38462
-0.007235983	124.38462
-0.007335702	124.53948
-0.007335702	124.53948
-0.007335702	124.53948
-0.007335702	124.63026
-0.007335702	124.63026
-0.007434642	124.7424
-0.007434642	124.7424
-0.007434642	124.7424
-0.007532809	124.88124
-0.007532809	124.88124
-0.007532809	124.96134
-0.007532809	124.96134
-0.007532809	124.96134
-0.007727609	125.1162
-0.007727609	125.1162
-0.007727609	125.1963
-0.007727609	125.1963
-0.007727609	125.24436
-0.007727609	125.24436
-0.007727609	125.24436
-0.007919365	125.4633
-0.007919365	125.4633
-0.007919365	125.5434
-0.007919365	125.5434
-0.007919365	125.5434
-0.008013745	125.61816
-0.008013745	125.61816
-0.008107387	125.8371
-0.008107387	125.8371
-0.008107387	125.8371
-0.008107387	125.8371
-0.008107387	125.8371
-0.008293209	125.9973
-0.008293209	125.9973
-0.008293209	125.9973
-0.008293209	126.13614
-0.008293209	126.13614
-0.008293209	126.12012
-0.008293209	126.12012
-0.008476128	126.35508
-0.008476128	126.35508
-0.008476128	126.35508
-0.008476128	126.41916
-0.008476128	126.41916
-0.008476128	126.43518
-0.008476128	126.43518
-0.008476128	126.43518
-0.008656189	126.59004
-0.008656189	126.59004
-0.008656189	126.77694
-0.008656189	126.77694
-0.008656189	126.77694
-0.008656189	126.77694
-0.008656189	126.77694
-0.008833436	126.9318
-0.008833436	126.9318
-0.008833436	127.092
-0.008833436	127.092
-0.008833436	127.092
-0.008833436	127.07598
-0.008833436	127.07598
-0.009007913	127.29492
-0.009007913	127.29492
-0.009007913	127.29492
-0.009007913	127.29492
-0.009007913	127.29492
-0.009093789	127.35366
-0.009093789	127.35366
-0.009093789	127.35366
-0.009264198	127.58862
-0.009264198	127.58862
-0.009264198	127.56192
-0.009264198	127.56192
-0.009264198	127.6527
-0.009264198	127.6527
-0.009264198	127.6527
-0.009348072	127.79688
-0.009348072	127.79688
-0.009348072	127.87164
-0.009348072	127.87164
-0.009348072	127.87164
-0.00943129	127.93572
-0.00943129	127.93572
-0.009513858	128.06388
-0.009513858	128.06388
-0.009513858	128.06388
-0.009595781	128.17068
-0.009595781	128.17068
-0.009595781	128.23476
-0.009595781	128.23476
-0.009677064	128.31486
-0.009677064	128.31486
-0.009677064	128.31486
-0.009677064	128.38962
-0.009677064	128.38962
-0.00983836	128.54982
-0.00983836	128.54982
-0.00983836	128.54982
-0.00983836	128.60856
-0.00983836	128.60856
-0.00983836	128.6406
-0.00983836	128.6406
-0.00983836	128.6406
-0.009997136	128.81682
-0.009997136	128.81682
-0.009997136	128.83818
-0.009997136	128.83818
-0.009997136	128.83818
-0.010075283	128.97702
-0.010075283	128.97702
-0.01015282	129.1212
-0.01015282	129.1212
-0.01015282	129.1212
-0.01015282	129.1212
-0.01015282	129.1212
-0.010229751	129.228
-0.010229751	129.228
-0.010306081	129.34014
-0.010306081	129.34014
-0.010306081	129.34014
-0.010306081	129.32412
-0.010306081	129.32412
-0.010457548	129.495
-0.010457548	129.495
-0.010457548	129.495
-0.010457548	129.62316
-0.010457548	129.62316
-0.010457548	129.62316
-0.010457548	129.62316
-0.010606649	129.762
-0.010606649	129.762
-0.010606649	129.762
-0.010606649	129.8421
-0.010606649	129.8421
-0.010606649	129.8421
-0.010606649	129.8421
-0.010606649	129.8421
-0.01075342	129.98094
-0.01075342	129.98094
-0.01075342	130.07706
-0.01075342	130.07706
-0.01075342	130.07706
-0.01075342	130.1091
-0.01075342	130.1091
-0.010897898	130.27998
-0.010897898	130.27998
-0.010897898	130.27998
-0.010897898	130.27998
-0.010897898	130.27998
-0.010969008	130.36008
-0.010969008	130.36008
-0.011110118	130.51494
-0.011110118	130.51494
-0.011110118	130.51494
-0.011110118	130.51494
-0.011110118	130.51494
-0.011110118	130.65912
-0.011110118	130.65912
-0.011110118	130.65912
-0.011249022	130.73388
-0.011249022	130.73388
-0.011249022	130.79796
-0.011249022	130.79796
-0.011249022	130.87806
-0.011249022	130.87806
-0.011249022	130.87806
-0.011317389	130.94214
-0.011317389	130.94214
-0.011317389	130.96884
-0.011317389	130.96884
-0.011317389	130.96884
-0.011453055	131.097
-0.011453055	131.097
-0.011453055	131.16108
-0.011453055	131.16108
-0.011453055	131.16108
-0.011453055	131.22516
-0.011453055	131.22516
-0.011586601	131.38002
-0.011586601	131.38002
-0.011586601	131.38002
-0.011586601	131.38002
-0.011586601	131.38002
-0.011586601	131.46012
-0.011586601	131.46012
-0.01171806	131.59896
-0.01171806	131.59896
-0.01171806	131.59896
-0.01171806	131.59896
-0.01171806	131.59896
-0.011847465	131.7111
-0.011847465	131.7111
-0.011847465	131.7111
-0.011847465	131.82324
-0.011847465	131.82324
-0.011847465	131.82324
-0.011847465	131.82324
-0.011847465	131.82324
-0.011911157	131.898
-0.011911157	131.898
-0.011911157	132.02616
-0.011911157	132.02616
-0.011911157	132.04218
-0.011911157	132.04218
-0.011911157	132.04218
-0.012037545	132.1383
-0.012037545	132.1383
-0.012161959	132.25578
-0.012161959	132.25578
-0.012161959	132.25578
-0.012161959	132.25578
-0.012161959	132.25578
-0.012284428	132.41598
-0.012284428	132.41598
-0.012284428	132.41598
-0.012284428	132.39996
-0.012284428	132.39996
-0.012284428	132.48006
-0.012284428	132.48006
-0.012404984	132.63492
-0.012404984	132.63492
-0.012404984	132.63492
-0.01230807	132.6189
-0.01230807	132.6189
-0.012428256	132.699
-0.012428256	132.699
-0.012428256	132.699
-0.012428256	132.82182
-0.012428256	132.82182
-0.012428256	132.83784
-0.012428256	132.83784
-0.012428256	132.83784
-0.012546565	132.91794
-0.012546565	132.91794
-0.012663025	133.06212
-0.012663025	133.06212
-0.012663025	133.06212
-0.012663025	133.06212
-0.012663025	133.06212
-0.012663025	133.13688
-0.012663025	133.13688
-0.012777665	133.24902
-0.012777665	133.24902
-0.012777665	133.24902
-0.012777665	133.28106
-0.012777665	133.28106
-0.012777665	133.34514
-0.012777665	133.34514
-0.012777665	133.34514
-0.012890514	133.4199
-0.012890514	133.4199
-0.012890514	133.5
-0.012890514	133.5
-0.012890514	133.5
-0.0130016	133.64418
-0.0130016	133.64418
-0.0130016	133.64418
-0.0130016	133.64418
-0.0130016	133.70292
-0.0130016	133.70292
-0.0130016	133.70292
-0.01311095	133.8471
-0.01311095	133.8471
-0.01311095	133.79904
-0.01311095	133.79904
-0.01311095	133.79904
-0.01316477	133.94322
-0.01316477	133.94322
-0.01316477	134.0073
-0.01316477	134.0073
-0.01316477	134.0073
-0.01316477	134.02332
-0.01316477	134.02332
-0.013271571	134.08206
-0.013271571	134.08206
-0.013376703	134.22624
-0.013376703	134.22624
-0.013376703	134.22624
-0.013376703	134.22624
-0.013376703	134.22624
-0.013376703	134.33838
-0.013376703	134.33838
-0.013376703	134.33838
-0.013480192	134.44518
-0.013480192	134.44518
-0.013480192	134.44518
-0.013480192	134.44518
-0.013480192	134.44518
-0.013582064	134.58936
-0.013582064	134.58936
-0.013582064	134.58936
-0.013582064	134.58936
-0.013582064	134.58936
-0.013582064	134.6214
-0.013582064	134.6214
-0.013682344	134.8083
-0.013682344	134.8083
-0.013682344	134.73354
-0.013682344	134.73354
-0.013682344	134.73354
-0.013682344	134.8083
-0.013682344	134.8083
-0.013781057	134.95248
-0.013781057	134.95248
-0.013781057	134.95248
-0.013781057	134.95248
-0.013781057	134.95248
-0.013781057	135.03258
-0.013781057	135.03258
-0.013781057	135.03258
-0.013878228	135.11268
-0.013878228	135.11268
-0.013878228	135.17142
-0.013878228	135.17142
-0.013973881	135.25152
-0.013973881	135.25152
-0.013973881	135.25152
-0.013973881	135.3156
-0.013973881	135.3156
-0.013973881	135.33162
-0.013973881	135.33162
-0.013973881	135.33162
-0.014162197	135.4758
-0.014162197	135.4758
-0.014162197	135.45978
-0.014162197	135.45978
-0.014162197	135.45978
-0.014162197	135.53988
-0.014162197	135.53988
-0.014253413	135.67872
-0.014253413	135.67872
-0.014253413	135.67872
-0.014253413	135.69474
-0.014253413	135.69474
-0.014253413	135.75882
-0.014253413	135.75882
-0.014343203	135.8496
-0.014343203	135.8496
-0.014343203	135.8496
-0.014343203	135.81756
-0.014343203	135.81756
-0.014431591	135.97776
-0.014431591	135.97776
-0.014431591	135.97776
-0.014431591	136.05786
-0.014431591	136.05786
-0.014431591	136.04184
-0.014431591	136.04184
-0.014518597	136.12194
-0.014518597	136.12194
-0.014518597	136.12194
-0.014604244	136.2768
-0.014604244	136.2768
-0.014604244	136.1967
-0.014604244	136.1967
-0.014604244	136.1967
-0.014604244	136.34088
-0.014604244	136.34088
-0.014688553	136.42098
-0.014688553	136.42098
-0.014688553	136.42098
-0.014688553	136.42098
-0.014688553	136.42098
-0.014771544	136.55982
-0.014771544	136.55982
-0.014771544	136.55982
-0.014771544	136.55982
-0.014771544	136.55982
-0.014771544	136.63992
-0.014771544	136.63992
-0.014934933	136.76808
-0.014934933	136.76808
-0.014934933	136.76808
-0.014934933	136.72002
-0.014934933	136.72002
-0.014934933	136.7841
-0.014934933	136.7841
-0.014934933	136.7841
-0.015014075	136.92828
-0.015014075	136.92828
-0.015014075	136.92828
-0.015014075	136.92828
-0.015014075	136.92828
-0.015014075	137.00304
-0.015014075	137.00304
-0.015014075	137.06712
-0.015014075	137.06712
-0.015169885	137.14722
-0.015169885	137.14722
-0.015169885	137.14722
-0.015169885	137.2113
-0.015169885	137.2113
-0.015169885	137.22732
-0.015169885	137.22732
-0.015169885	137.22732
-0.015245356	137.2914
-0.015245356	137.2914
-0.015245356	137.3982
-0.015245356	137.3982
-0.015245356	137.3982
-0.015245356	137.43024
-0.015245356	137.43024
-0.015393938	137.44626
-0.015393938	137.44626
-0.015393938	137.44626
-0.015465908	137.62248
-0.015465908	137.62248
-0.015465908	137.57442
-0.015465908	137.57442
-0.015465908	137.65452
-0.015465908	137.65452
-0.015465908	137.65452
-0.015607598	137.7987
-0.015607598	137.7987
-0.015485664	137.78268
-0.015485664	137.78268
-0.015485664	137.78268
-0.015626737	137.88948
-0.015626737	137.88948
-0.015626737	137.95356
-0.015626737	137.95356
-0.015626737	137.95356
-0.015626737	137.95356
-0.015626737	137.95356
-0.015763401	138.09774
-0.015763401	138.09774
-0.015763401	138.09774
-0.015763401	138.09774
-0.015763401	138.09774
-0.015763401	138.17784
-0.015763401	138.17784
-0.015895795	138.306
-0.015895795	138.306
-0.015895795	138.306
-0.015895795	138.306
-0.015895795	138.306
-0.015895795	138.306
-0.015895795	138.306
-0.015895795	138.306
-0.015895795	138.46086
-0.015895795	138.46086
-0.015895795	138.46086
-0.015895795	138.46086
-0.015895795	138.46086
-0.016024052	138.54096
-0.016024052	138.54096
-0.016024052	138.60504
-0.016024052	138.60504
-0.016024052	138.60504
-0.016024052	138.60504
-0.016024052	138.60504
-0.0161483	138.68514
-0.0161483	138.68514
-0.0161483	138.74922
-0.0161483	138.74922
-0.0161483	138.74922
-0.0161483	138.82932
-0.0161483	138.82932
-0.016268666	138.8934
-0.016268666	138.8934
-0.016268666	138.8934
-0.016268666	138.9735
-0.016268666	138.9735
-0.016326968	139.0536
-0.016326968	139.0536
-0.016326968	139.11768
-0.016326968	139.11768
-0.016326968	139.11768
-0.016326968	139.11768
-0.016326968	139.11768
-0.01644175	139.19244
-0.01644175	139.19244
-0.01644175	139.19244
-0.01644175	139.33662
-0.01644175	139.33662
-0.01644175	139.25652
-0.01644175	139.25652
-0.01644175	139.25652
-0.01644175	139.33662
-0.01644175	139.33662
-0.016552945	139.4808
-0.016552945	139.4808
-0.016552945	139.4808
-0.016552945	139.4808
-0.016552945	139.4808
-0.016660666	139.62498
-0.016660666	139.62498
-0.016660666	139.62498
-0.016660666	139.62498
-0.016660666	139.62498
-0.016660666	139.641
-0.016660666	139.641
-0.01676502	139.77984
-0.01676502	139.77984
-0.01676502	139.77984
-0.01676502	139.76382
-0.01676502	139.76382
-0.01676502	139.84392
-0.01676502	139.84392
-0.01676502	139.84392
-0.016866113	139.97208
-0.016866113	139.97208
-0.016866113	140.00412
-0.016866113	140.00412
-0.016866113	139.9881
-0.016866113	139.9881
-0.016866113	139.9881
-0.016964047	140.13228
-0.016964047	140.13228
-0.016964047	140.13228
-0.016964047	140.13228
-0.016964047	140.13228
-0.016964047	140.20704
-0.016964047	140.20704
-0.017058921	140.28714
-0.017058921	140.28714
-0.017058921	140.28714
-0.017058921	140.28714
-0.017058921	140.28714
-0.017150829	140.43132
-0.017150829	140.43132
-0.017150829	140.43132
-0.017150829	140.43132
-0.017150829	140.43132
-0.017150829	140.4954
-0.017150829	140.4954
-0.017150829	140.4954
-0.017239866	140.63958
-0.017239866	140.63958
-0.017172523	140.5755
-0.017172523	140.5755
-0.017260881	140.68764
-0.017260881	140.68764
-0.017260881	140.68764
-0.017260881	140.75172
-0.017260881	140.75172
-0.017260881	140.7357
-0.017260881	140.7357
-0.017260881	140.7357
-0.017346479	140.87454
-0.017346479	140.87454
-0.017346479	140.93862
-0.017346479	140.93862
-0.017346479	140.93862
-0.017346479	140.93862
-0.017346479	140.93862
-0.017429401	141.09882
-0.017429401	141.09882
-0.017429401	141.09882
-0.017429401	141.09882
-0.017429401	141.09882
-0.017509733	141.14688
-0.017509733	141.14688
-0.017509733	141.25902
-0.017509733	141.25902
-0.017509733	141.25902
-0.017509733	141.29106
-0.017509733	141.29106
-0.017587553	141.3231
-0.017587553	141.3231
-0.017587553	141.3231
-0.017587553	141.38718
-0.017587553	141.38718
-0.017587553	141.38718
-0.017587553	141.38718
-0.017587553	141.38718
-0.017738331	141.54204
-0.017738331	141.54204
-0.017738331	141.54204
-0.017738331	141.54204
-0.017738331	141.60612
-0.017738331	141.60612
-0.017738331	141.60612
-0.017809008	141.68622
-0.017809008	141.68622
-0.017809008	141.7503
-0.017809008	141.7503
-0.017809008	141.7503
-0.017809008	141.7503
-0.017809008	141.7503
-0.017945945	141.89448
-0.017945945	141.89448
-0.017945945	141.89448
-0.017945945	141.89448
-0.017945945	141.89448
-0.017945945	141.97458
-0.017945945	141.97458
-0.017945945	142.03866
-0.017945945	142.03866
-0.017945945	142.03866
-0.017945945	142.03866
-0.017945945	142.03866
-0.018010135	142.11876
-0.018010135	142.11876
-0.018010135	142.11876
-0.018072318	142.19886
-0.018072318	142.19886
-0.018072318	142.18284
-0.018072318	142.18284
-0.018072318	142.18284
-0.018132558	142.33236
-0.018132558	142.33236
-0.018132558	142.39644
-0.018132558	142.39644
-0.018132558	142.39644
-0.018132558	142.41246
-0.018132558	142.41246
-0.018249273	142.5246
-0.018249273	142.5246
-0.018249273	142.5246
-0.018249273	142.49256
-0.018249273	142.49256
-0.018249273	142.5513
-0.018249273	142.5513
-0.018358694	142.7115
-0.018358694	142.7115
-0.018358694	142.7115
