1.000000 0.000030
1.010000 -0.000031
1.020000 -0.000103
1.035000 -0.000222
1.057500 -0.000399
1.082500 -0.000585
1.107500 -0.000762
1.132500 -0.000936
1.157500 -0.001108
1.182500 -0.001268
1.207500 -0.001438
1.232500 -0.001646
1.257500 -0.001841
1.282500 -0.002026
1.307500 -0.002198
1.332500 -0.002368
1.357500 -0.002536
1.382500 -0.002703
1.407500 -0.002866
1.432500 -0.003041
1.457500 -0.003233
1.482500 -0.003442
1.507500 -0.003655
1.532500 -0.003873
1.557500 -0.004095
1.582500 -0.004315
1.607500 -0.004538
1.632500 -0.004762
1.657500 -0.004985
1.682500 -0.005211
1.707500 -0.005438
1.732500 -0.005668
1.757500 -0.005900
1.782500 -0.006133
1.807500 -0.006367
1.832500 -0.006603
1.857500 -0.006840
1.882500 -0.007077
1.907500 -0.007312
1.932500 -0.007548
1.957500 -0.007783
1.982500 -0.008019
2.000000 -0.008184
