1.000000 0.000047
1.010000 -0.000039
1.020000 -0.000160
1.035000 -0.000356
1.057500 -0.000641
1.082500 -0.000959
1.107500 -0.001292
1.132500 -0.001701
1.157500 -0.002119
1.182500 -0.002558
1.207500 -0.003000
1.232500 -0.003484
1.257500 -0.004041
1.282500 -0.004621
1.307500 -0.005219
1.332500 -0.005826
1.357500 -0.006436
1.382500 -0.007047
1.407500 -0.007656
1.432500 -0.008257
1.457500 -0.008854
1.482500 -0.009447
1.507500 -0.010035
1.532500 -0.010619
1.557500 -0.011199
1.582500 -0.011775
1.607500 -0.012343
1.632500 -0.012899
1.657500 -0.013448
1.682500 -0.013990
1.707500 -0.014526
1.732500 -0.015059
1.757500 -0.015587
1.782500 -0.016114
1.807500 -0.016636
1.832500 -0.017156
1.857500 -0.017674
1.882500 -0.018186
1.907500 -0.018691
1.932500 -0.019192
1.957500 -0.019688
1.982500 -0.020176
2.000000 -0.020514
