0	0
-0.004	2.4297
-0.01	7.1289
-0.014	7.1289
-0.017	4.89144
-0.017	4.89144
-0.019	5.08368
-0.021	6.35994
-0.022	6.35994
-0.024	6.50412
-0.026	7.09686
-0.028	7.60416
-0.028	7.60416
-0.029	7.49736
-0.029	7.49736
-0.032	8.52264
-0.031	8.3304
-0.032	8.3304
-0.034	8.91246
-0.034	8.91246
-0.034	9.14742
-0.034	8.8377
-0.035	8.8377
-0.036	9.86298
-0.036	9.6387
-0.036	9.6387
-0.036	9.6387
-0.037	10.34892
-0.039	10.34892
-0.038	10.09794
-0.038	10.09794
-0.038	10.146
-0.04	10.8135
-0.045	10.8135
-0.047	10.55718
-0.049	10.55718
-0.047	10.51446
-0.042	11.31546
-0.041	11.31546
-0.043	11.13924
-0.046	10.87224
-0.044	10.87224
-0.046	11.78004
-0.045	11.78004
-0.047	11.58246
-0.046	11.43828
-0.044	11.43828
-0.045	11.28876
-0.046	12.2553
-0.046	12.2553
-0.047	12.03102
-0.048	12.03102
-0.046	11.91354
-0.045	11.83878
-0.032	11.83878
-0.058	12.63978
-0.05	12.63978
-0.048	12.4155
-0.053	12.2553
-0.055	12.2553
-0.052	12.06306
-0.051	11.8815
-0.039	11.8815
-0.024	12.84804
-0.016	12.84804
0.004	22.59354
0.021	29.79186
0.047	29.79186
0.057	44.47686
0.083	59.4075
0.091	59.4075
0.109	73.24344
0.119	73.24344
0.139	81.34956
0.154	88.68672
0.152	88.68672
0.153	103.09404
0.157	100.82454
0.167	100.82454
0.184	104.01252
0.191	104.01252
0.209	110.98122
0.212	121.57578
0.225	121.57578
0.231	126.22158
0.23	133.51068
0.232	133.51068
0.254	133.6602
0.256	133.6602
0.266	140.99736
0.281	144.85284
0.279	144.85284
0.278	154.326
0.294	154.326
0.304	151.98708
0.304	160.10922
0.319	160.10922
0.323	162.63504
0.337	170.10036
0.348	170.10036
0.369	176.26806
0.382	176.26806
0.379	185.78928
0.378	194.36532
0.378	194.36532
0.377	191.50308
0.395	191.74338
0.4	189.2664124
0.401	189.5723555
0.402	189.877898
0.403	190.1830402
0.404	190.4877826
0.405	190.7921256
0.406	191.0960697
0.407	191.3996151
0.408	191.7027624
0.409	192.0055119
0.41	192.307864
0.411	192.6098192
0.412	192.9113778
0.413	193.2125403
0.414	193.5133071
0.415	193.8136785
0.416	194.113655
0.417	194.413237
0.418	194.7124249
0.419	195.011219
0.42	195.3096199
0.421	195.6076278
0.422	195.9052433
0.423	196.2024666
0.424	196.4992983
0.425	196.7957387
0.426	197.0917882
0.427	197.3874472
0.428	197.6827162
0.429	197.9775954
0.43	198.2720854
0.431	198.5661865
0.432	198.8598992
0.433	199.1532238
0.434	199.4461607
0.435	199.7387103
0.436	200.0308731
0.437	200.3226494
0.438	200.6140397
0.439	200.9050442
0.44	201.1956635
0.441	201.4858979
0.442	201.7757479
0.443	202.0652138
0.444	202.354296
0.445	202.6429949
0.446	202.9313109
0.447	203.2192445
0.448	203.5067959
0.449	203.7939657
0.45	204.0807542
0.451	204.3671618
0.452	204.6531888
0.453	204.9388358
0.454	205.2241031
0.455	205.508991
0.456	205.7935
0.457	206.0776305
0.458	206.3613829
0.459	206.6447575
0.46	206.9277548
0.461	207.2103751
0.462	207.4926188
0.463	207.7744864
0.464	208.0559783
0.465	208.3370947
0.466	208.6178361
0.467	208.898203
0.468	209.1781956
0.469	209.4578145
0.47	209.7370599
0.471	210.0159322
0.472	210.294432
0.473	210.5725594
0.474	210.850315
0.475	211.1276992
0.476	211.4047122
0.477	211.6813546
0.478	211.9576266
0.479	212.2335288
0.48	212.5090614
0.481	212.7842248
0.482	213.0590195
0.483	213.3334459
0.484	213.6075042
0.485	213.881195
0.486	214.1545186
0.487	214.4274753
0.488	214.7000656
0.489	214.9722899
0.49	215.2441485
0.491	215.5156418
0.492	215.7867702
0.493	216.0575342
0.494	216.327934
0.495	216.59797
0.496	216.8676427
0.497	217.1369525
0.498	217.4058996
0.499	217.6744846
0.5	217.9427077
0.501	218.2105694
0.502	218.47807
0.503	218.74521
0.504	219.0119897
0.505	219.2784094
0.506	219.5444696
0.507	219.8101707
0.508	220.075513
0.509	220.340497
0.51	220.6051229
0.511	220.8693912
0.512	221.1333022
0.513	221.3968564
0.514	221.6600541
0.515	221.9228956
0.516	222.1853815
0.517	222.447512
0.518	222.7092875
0.519	222.9707084
0.52	223.2317751
0.521	223.4924879
0.522	223.7528473
0.523	224.0128536
0.524	224.2725072
0.525	224.5318085
0.526	224.7907578
0.527	225.0493555
0.528	225.307602
0.529	225.5654976
0.53	225.8230428
0.531	226.080238
0.532	226.3370834
0.533	226.5935794
0.534	226.8497266
0.535	227.1055251
0.536	227.3609754
0.537	227.6160778
0.538	227.8708328
0.539	228.1252407
0.54	228.3793019
0.541	228.6330167
0.542	228.8863856
0.543	229.1394088
0.544	229.3920868
0.545	229.6444199
0.546	229.8964085
0.547	230.148053
0.548	230.3993538
0.549	230.6503111
0.55	230.9009255
0.551	231.1511972
0.552	231.4011266
0.553	231.6507141
0.554	231.89996
0.555	232.1488648
0.556	232.3974288
0.557	232.6456523
0.558	232.8935358
0.559	233.1410796
0.56	233.388284
0.561	233.6351495
0.562	233.8816764
0.563	234.127865
0.564	234.3737157
0.565	234.619229
0.566	234.8644051
0.567	235.1092444
0.568	235.3537473
0.569	235.5979142
0.57	235.8417454
0.571	236.0852413
0.572	236.3284022
0.573	236.5712286
0.574	236.8137207
0.575	237.0558789
0.576	237.2977037
0.577	237.5391953
0.578	237.7803541
0.579	238.0211806
0.58	238.2616749
0.581	238.5018376
0.582	238.741669
0.583	238.9811693
0.584	239.2203391
0.585	239.4591786
0.586	239.6976883
0.587	239.9358684
0.588	240.1737193
0.589	240.4112415
0.59	240.6484352
0.591	240.8853007
0.592	241.1218386
0.593	241.3580491
0.594	241.5939326
0.595	241.8294894
0.596	242.0647199
0.597	242.2996245
0.598	242.5342035
0.599	242.7684572
0.6	243.0023861
0.601	243.2359905
0.602	243.4692707
0.603	243.7022271
0.604	243.93486
0.605	244.1671699
0.606	244.399157
0.607	244.6308217
0.608	244.8621644
0.609	245.0931855
0.61	245.3238852
0.611	245.5542639
0.612	245.784322
0.613	246.0140599
0.614	246.2434778
0.615	246.4725762
0.616	246.7013554
0.617	246.9298158
0.618	247.1579576
0.619	247.3857813
0.62	247.6132872
0.621	247.8404756
0.622	248.067347
0.623	248.2939016
0.624	248.5201398
0.625	248.746062
0.626	248.9716685
0.627	249.1969596
0.628	249.4219357
0.629	249.6465972
0.63	249.8709444
0.631	250.0949776
0.632	250.3186973
0.633	250.5421036
0.634	250.7651971
0.635	250.987978
0.636	251.2104467
0.637	251.4326036
0.638	251.6544489
0.639	251.8759831
0.64	252.0972064
0.641	252.3181193
0.642	252.538722
0.643	252.7590149
0.644	252.9789984
0.645	253.1986728
0.646	253.4180384
0.647	253.6370956
0.648	253.8558448
0.649	254.0742862
0.65	254.2924203
0.651	254.5102473
0.652	254.7277677
0.653	254.9449817
0.654	255.1618897
0.655	255.378492
0.656	255.594789
0.657	255.810781
0.658	256.0264684
0.659	256.2418515
0.66	256.4569306
0.661	256.6717062
0.662	256.8861784
0.663	257.1003477
0.664	257.3142144
0.665	257.5277789
0.666	257.7410415
0.667	257.9540025
0.668	258.1666622
0.669	258.3790211
0.67	258.5910793
0.671	258.8028374
0.672	259.0142956
0.673	259.2254543
0.674	259.4363137
0.675	259.6468743
0.676	259.8571363
0.677	260.0671002
0.678	260.2767661
0.679	260.4861346
0.68	260.6952059
0.681	260.9039803
0.682	261.1124582
0.683	261.3206399
0.684	261.5285258
0.685	261.7361162
0.686	261.9434114
0.687	262.1504118
0.688	262.3571176
0.689	262.5635293
0.69	262.7696471
0.691	262.9754714
0.692	263.1810026
0.693	263.3862409
0.694	263.5911867
0.695	263.7958403
0.696	264.0002021
0.697	264.2042724
0.698	264.4080515
0.699	264.6115397
0.7	264.8147374
0.701	265.017645
0.702	265.2202626
0.703	265.4225908
0.704	265.6246297
0.705	265.8263798
0.706	266.0278413
0.707	266.2290147
0.708	266.4299001
0.709	266.630498
0.71	266.8308087
0.711	267.0308325
0.712	267.2305697
0.713	267.4300206
0.714	267.6291857
0.715	267.8280652
0.716	268.0266594
0.717	268.2249687
0.718	268.4229934
0.719	268.6207338
0.72	268.8181902
0.721	269.015363
0.722	269.2122526
0.723	269.4088591
0.724	269.605183
0.725	269.8012246
0.726	269.9969841
0.727	270.192462
0.728	270.3876586
0.729	270.5825741
0.73	270.7772089
0.731	270.9715633
0.732	271.1656376
0.733	271.3594323
0.734	271.5529475
0.735	271.7461836
0.736	271.9391409
0.737	272.1318198
0.738	272.3242206
0.739	272.5163435
0.74	272.708189
0.741	272.8997573
0.742	273.0910488
0.743	273.2820637
0.744	273.4728025
0.745	273.6632653
0.746	273.8534526
0.747	274.0433647
0.748	274.2330018
0.749	274.4223643
0.75	274.6114525
0.751	274.8002668
0.752	274.9888074
0.753	275.1770746
0.754	275.3650689
0.755	275.5527905
0.756	275.7402396
0.757	275.9274167
0.758	276.1143221
0.759	276.300956
0.76	276.4873188
0.761	276.6734108
0.762	276.8592323
0.763	277.0447837
0.764	277.2300652
0.765	277.4150771
0.766	277.5998199
0.767	277.7842937
0.768	277.9684989
0.769	278.1524359
0.77	278.3361048
0.771	278.5195061
0.772	278.7026401
0.773	278.8855071
0.774	279.0681073
0.775	279.2504411
0.776	279.4325088
0.777	279.6143108
0.778	279.7958473
0.779	279.9771186
0.78	280.1581251
0.781	280.338867
0.782	280.5193447
0.783	280.6995585
0.784	280.8795087
0.785	281.0591956
0.786	281.2386195
0.787	281.4177808
0.788	281.5966797
0.789	281.7753165
0.79	281.9536916
0.791	282.1318052
0.792	282.3096577
0.793	282.4872494
0.794	282.6645806
0.795	282.8416515
0.796	283.0184626
0.797	283.1950141
0.798	283.3713062
0.799	283.5473394
0.8	283.723114
0.801	283.8986301
0.802	284.0738882
0.803	284.2488886
0.804	284.4236315
0.805	284.5981172
0.806	284.7723461
0.807	284.9463185
0.808	285.1200347
0.809	285.2934949
0.81	285.4666995
0.811	285.6396487
0.812	285.812343
0.813	285.9847825
0.814	286.1569677
0.815	286.3288987
0.816	286.5005759
0.817	286.6719996
0.818	286.8431702
0.819	287.0140878
0.82	287.1847528
0.821	287.3551655
0.822	287.5253263
0.823	287.6952353
0.824	287.864893
0.825	288.0342995
0.826	288.2034553
0.827	288.3723605
0.828	288.5410156
0.829	288.7094208
0.83	288.8775764
0.831	289.0454827
0.832	289.21314
0.833	289.3805486
0.834	289.5477088
0.835	289.7146208
0.836	289.8812851
0.837	290.0477019
0.838	290.2138715
0.839	290.3797941
0.84	290.5454702
0.841	290.7108999
0.842	290.8760836
0.843	291.0410215
0.844	291.2057141
0.845	291.3701615
0.846	291.534364
0.847	291.698322
0.848	291.8620358
0.849	292.0255056
0.85	292.1887317
0.851	292.3517145
0.852	292.5144542
0.853	292.6769511
0.854	292.8392056
0.855	293.0012178
0.856	293.1629881
0.857	293.3245168
0.858	293.4858043
0.859	293.6468506
0.86	293.8076563
0.861	293.9682215
0.862	294.1285466
0.863	294.2886318
0.864	294.4484774
0.865	294.6080838
0.866	294.7674512
0.867	294.9265799
0.868	295.0854702
0.869	295.2441223
0.87	295.4025367
0.871	295.5607135
0.872	295.7186531
0.873	295.8763557
0.874	296.0338216
0.875	296.1910512
0.876	296.3480447
0.877	296.5048023
0.878	296.6613245
0.879	296.8176114
0.88	296.9736634
0.881	297.1294807
0.882	297.2850637
0.883	297.4404126
0.884	297.5955277
0.885	297.7504092
0.886	297.9050576
0.887	298.059473
0.888	298.2136558
0.889	298.3676062
0.89	298.5213245
0.891	298.6748111
0.892	298.8280661
0.893	298.9810899
0.894	299.1338827
0.895	299.2864449
0.896	299.4387767
0.897	299.5908784
0.898	299.7427503
0.899	299.8943927
0.9	300.0458059
0.901	300.1969901
0.902	300.3479456
0.903	300.4986727
0.904	300.6491716
0.905	300.7994428
0.906	300.9494864
0.907	301.0993027
0.908	301.2488921
0.909	301.3982547
0.91	301.5473909
0.911	301.6963009
0.912	301.8449851
0.913	301.9934437
0.914	302.141677
0.915	302.2896852
0.916	302.4374687
0.917	302.5850277
0.918	302.7323625
0.919	302.8794734
0.92	303.0263607
0.921	303.1730246
0.922	303.3194654
0.923	303.4656834
0.924	303.6116789
0.925	303.7574521
0.926	303.9030034
0.927	304.0483329
0.928	304.1934411
0.929	304.338328
0.93	304.4829941
0.931	304.6274397
0.932	304.7716648
0.933	304.91567
0.934	305.0594553
0.935	305.2030212
0.936	305.3463679
0.937	305.4894956
0.938	305.6324046
0.939	305.7750952
0.94	305.9175677
0.941	306.0598224
0.942	306.2018594
0.943	306.3436792
0.944	306.4852819
0.945	306.6266678
0.946	306.7678373
0.947	306.9087905
0.948	307.0495278
0.949	307.1900494
0.95	307.3303556
0.951	307.4704467
0.952	307.6103229
0.953	307.7499845
0.954	307.8894318
0.955	308.028665
0.956	308.1676845
0.957	308.3064904
0.958	308.4450831
0.959	308.5834628
0.96	308.7216298
0.961	308.8595844
0.962	308.9973268
0.963	309.1348573
0.964	309.2721762
0.965	309.4092837
0.966	309.5461801
0.967	309.6828656
0.968	309.8193406
0.969	309.9556053
0.97	310.09166
0.971	310.2275049
0.972	310.3631403
0.973	310.4985665
0.974	310.6337837
0.975	310.7687922
0.976	310.9035923
0.977	311.0381842
0.978	311.1725682
0.979	311.3067445
0.98	311.4407135
0.981	311.5744754
0.982	311.7080304
0.983	311.8413788
0.984	311.9745209
0.985	312.107457
0.986	312.2401872
0.987	312.3727119
0.988	312.5050314
0.989	312.6371458
0.99	312.7690555
0.991	312.9007607
0.992	313.0322617
0.993	313.1635587
0.994	313.2946521
0.995	313.4255419
0.996	313.5562286
0.997	313.6867124
0.998	313.8169936
0.999	313.9470723
1	314.0769489
1.001	314.2066236
1.002	314.3360967
1.003	314.4653685
1.004	314.5944391
1.005	314.7233089
1.006	314.8519781
1.007	314.980447
1.008	315.1087158
1.009	315.2367849
1.01	315.3646543
1.011	315.4923245
1.012	315.6197956
1.013	315.747068
1.014	315.8741418
1.015	316.0010174
1.016	316.127695
1.017	316.2541748
1.018	316.3804571
1.019	316.5065422
1.02	316.6324302
1.021	316.7581216
1.022	316.8836165
1.023	317.0089151
1.024	317.1340178
1.025	317.2589248
1.026	317.3836363
1.027	317.5081526
1.028	317.632474
1.029	317.7566006
1.03	317.8805328
1.031	318.0042709
1.032	318.1278149
1.033	318.2511653
1.034	318.3743223
1.035	318.4972861
1.036	318.620057
1.037	318.7426351
1.038	318.8650209
1.039	318.9872145
1.04	319.1092161
1.041	319.2310261
1.042	319.3526447
1.043	319.4740721
1.044	319.5953085
1.045	319.7163543
1.046	319.8372097
1.047	319.9578749
1.048	320.0783502
1.049	320.1986358
1.05	320.3187319
1.051	320.4386389
1.052	320.558357
1.053	320.6778864
1.054	320.7972274
1.055	320.9163801
1.056	321.035345
1.057	321.1541221
1.058	321.2727118
1.059	321.3911143
1.06	321.5093299
1.061	321.6273588
1.062	321.7452012
1.063	321.8628574
1.064	321.9803276
1.065	322.0976121
1.066	322.2147111
1.067	322.3316249
1.068	322.4483538
1.069	322.5648978
1.07	322.6812574
1.071	322.7974328
1.072	322.9134241
1.073	323.0292317
1.074	323.1448558
1.075	323.2602965
1.076	323.3755543
1.077	323.4906293
1.078	323.6055217
1.079	323.7202318
1.08	323.8347598
1.081	323.9491061
1.082	324.0632707
1.083	324.1772541
1.084	324.2910563
1.085	324.4046777
1.086	324.5181184
1.087	324.6313788
1.088	324.7444591
1.089	324.8573595
1.09	324.9700802
1.091	325.0826215
1.092	325.1949837
1.093	325.3071669
1.094	325.4191715
1.095	325.5309975
1.096	325.6426454
1.097	325.7541153
1.098	325.8654075
1.099	325.9765222
1.1	326.0874596
1.101	326.19822
1.102	326.3088036
1.103	326.4192106
1.104	326.5294414
1.105	326.6394961
1.106	326.7493749
1.107	326.8590782
1.108	326.9686061
1.109	327.0779588
1.11	327.1871367
1.111	327.2961399
1.112	327.4049687
1.113	327.5136233
1.114	327.622104
1.115	327.730411
1.116	327.8385445
1.117	327.9465047
1.118	328.0542919
1.119	328.1619064
1.12	328.2693483
1.121	328.3766179
1.122	328.4837155
1.123	328.5906412
1.124	328.6973952
1.125	328.8039779
1.126	328.9103895
1.127	329.0166302
1.128	329.1227002
1.129	329.2285997
1.13	329.334329
1.131	329.4398883
1.132	329.5452779
1.133	329.650498
1.134	329.7555488
1.135	329.8604305
1.136	329.9651434
1.137	330.0696877
1.138	330.1740636
1.139	330.2782714
1.14	330.3823113
1.141	330.4861835
1.142	330.5898882
1.143	330.6934257
1.144	330.7967963
1.145	330.9
1.146	331.0030373
1.147	331.1059082
1.148	331.2086131
1.149	331.3111521
1.15	331.4135254
1.151	331.5157334
1.152	331.6177762
1.153	331.7196541
1.154	331.8213673
1.155	331.9229159
1.156	332.0243003
1.157	332.1255207
1.158	332.2265773
1.159	332.3274702
1.16	332.4281998
1.161	332.5287663
1.162	332.6291699
1.163	332.7294108
1.164	332.8294892
1.165	332.9294054
1.166	333.0291596
1.167	333.128752
1.168	333.2281828
1.169	333.3274523
1.17	333.4265607
1.171	333.5255081
1.172	333.624295
1.173	333.7229213
1.174	333.8213875
1.175	333.9196936
1.176	334.01784
1.177	334.1158268
1.178	334.2136542
1.179	334.3113226
1.18	334.4088321
1.181	334.5061828
1.182	334.6033752
1.183	334.7004093
1.184	334.7972854
1.185	334.8940037
1.186	334.9905644
1.187	335.0869678
1.188	335.1832141
1.189	335.2793034
1.19	335.3752361
1.191	335.4710123
1.192	335.5666322
1.193	335.6620961
1.194	335.7574042
1.195	335.8525567
1.196	335.9475538
1.197	336.0423957
1.198	336.1370827
1.199	336.231615
1.2	336.3259928
1.201	336.4202163
1.202	336.5142857
1.203	336.6082012
1.204	336.7019631
1.205	336.7955716
1.206	336.8890269
1.207	336.9823291
1.208	337.0754786
1.209	337.1684756
1.21	337.2613202
1.211	337.3540126
1.212	337.4465531
1.213	337.538942
1.214	337.6311793
1.215	337.7232654
1.216	337.8152004
1.217	337.9069846
1.218	337.9986181
1.219	338.0901012
1.22	338.1814341
1.221	338.2726171
1.222	338.3636502
1.223	338.4545338
1.224	338.545268
1.225	338.6358531
1.226	338.7262892
1.227	338.8165766
1.228	338.9067155
1.229	338.9967062
1.23	339.0865487
1.231	339.1762434
1.232	339.2657904
1.233	339.3551899
1.234	339.4444422
1.235	339.5335475
1.236	339.6225059
1.237	339.7113178
1.238	339.7999832
1.239	339.8885025
1.24	339.9768757
1.241	340.0651032
1.242	340.1531852
1.243	340.2411217
1.244	340.3289131
1.245	340.4165596
1.246	340.5040614
1.247	340.5914186
1.248	340.6786315
1.249	340.7657003
1.25	340.8526252
1.251	340.9394064
1.252	341.0260441
1.253	341.1125385
1.254	341.1988899
1.255	341.2850984
1.256	341.3711642
1.257	341.4570876
1.258	341.5428687
1.259	341.6285078
1.26	341.714005
1.261	341.7993606
1.262	341.8845748
1.263	341.9696477
1.264	342.0545797
1.265	342.1393708
1.266	342.2240212
1.267	342.3085313
1.268	342.3929012
1.269	342.4771311
1.27	342.5612212
1.271	342.6451716
1.272	342.7289827
1.273	342.8126546
1.274	342.8961876
1.275	342.9795817
1.276	343.0628372
1.277	343.1459544
1.278	343.2289334
1.279	343.3117744
1.28	343.3944776
1.281	343.4770433
1.282	343.5594716
1.283	343.6417627
1.284	343.7239168
1.285	343.8059342
1.286	343.887815
1.287	343.9695594
1.288	344.0511676
1.289	344.1326399
1.29	344.2139764
1.291	344.2951773
1.292	344.3762429
1.293	344.4571733
1.294	344.5379687
1.295	344.6186293
1.296	344.6991553
1.297	344.779547
1.298	344.8598045
1.299	344.9399279
1.3	345.0199176
1.301	345.0997737
1.302	345.1794964
1.303	345.2590859
1.304	345.3385425
1.305	345.4178662
1.306	345.4970572
1.307	345.5761159
1.308	345.6550424
1.309	345.7338368
1.31	345.8124994
1.311	345.8910304
1.312	345.9694299
1.313	346.0476982
1.314	346.1258355
1.315	346.2038419
1.316	346.2817177
1.317	346.359463
1.318	346.437078
1.319	346.5145629
1.32	346.591918
1.321	346.6691434
1.322	346.7462392
1.323	346.8232058
1.324	346.9000433
1.325	346.9767518
1.326	347.0533317
1.327	347.129783
1.328	347.2061059
1.329	347.2823007
1.33	347.3583676
1.331	347.4343067
1.332	347.5101182
1.333	347.5858024
1.334	347.6613593
1.335	347.7367893
1.336	347.8120924
1.337	347.8872689
1.338	347.962319
1.339	348.0372429
1.34	348.1120407
1.341	348.1867126
1.342	348.2612589
1.343	348.3356797
1.344	348.4099752
1.345	348.4841456
1.346	348.5581911
1.347	348.6321118
1.348	348.7059081
1.349	348.7795799
1.35	348.8531277
1.351	348.9265514
1.352	348.9998514
1.353	349.0730277
1.354	349.1460807
1.355	349.2190104
1.356	349.2918171
1.357	349.3645009
1.358	349.4370621
1.359	349.5095008
1.36	349.5818172
1.361	349.6540115
1.362	349.7260838
1.363	349.7980345
1.364	349.8698636
1.365	349.9415713
1.366	350.0131578
1.367	350.0846234
1.368	350.1559681
1.369	350.2271922
1.37	350.2982959
1.371	350.3692793
1.372	350.4401427
1.373	350.5108861
1.374	350.5815099
1.375	350.6520141
1.376	350.722399
1.377	350.7926647
1.378	350.8628114
1.379	350.9328394
1.38	351.0027487
1.381	351.0725397
1.382	351.1422123
1.383	351.2117669
1.384	351.2812037
1.385	351.3505227
1.386	351.4197242
1.387	351.4888083
1.388	351.5577754
1.389	351.6266254
1.39	351.6953586
1.391	351.7639752
1.392	351.8324754
1.393	351.9008593
1.394	351.9691272
1.395	352.0372791
1.396	352.1053153
1.397	352.173236
1.398	352.2410414
1.399	352.3087315
1.4	352.3763067
1.401	352.443767
1.402	352.5111127
1.403	352.5783439
1.404	352.6454608
1.405	352.7124636
1.406	352.7793525
1.407	352.8461276
1.408	352.9127892
1.409	352.9793373
1.41	353.0457722
1.411	353.1120941
1.412	353.1783031
1.413	353.2443994
1.414	353.3103831
1.415	353.3762546
1.416	353.4420138
1.417	353.5076611
1.418	353.5731966
1.419	353.6386204
1.42	353.7039327
1.421	353.7691338
1.422	353.8342237
1.423	353.8992027
1.424	353.9640709
1.425	354.0288285
1.426	354.0934757
1.427	354.1580127
1.428	354.2224396
1.429	354.2867565
1.43	354.3509638
1.431	354.4150615
1.432	354.4790498
1.433	354.5429289
1.434	354.606699
1.435	354.6703602
1.436	354.7339127
1.437	354.7973567
1.438	354.8606924
1.439	354.9239198
1.44	354.9870393
1.441	355.0500509
1.442	355.1129549
1.443	355.1757514
1.444	355.2384405
1.445	355.3010226
1.446	355.3634976
1.447	355.4258658
1.448	355.4881274
1.449	355.5502825
1.45	355.6123313
1.451	355.674274
1.452	355.7361107
1.453	355.7978416
1.454	355.8594669
1.455	355.9209867
1.456	355.9824013
1.457	356.0437107
1.458	356.1049152
1.459	356.1660149
1.46	356.22701
1.461	356.2879006
1.462	356.348687
1.463	356.4093692
1.464	356.4699475
1.465	356.5304221
1.466	356.590793
1.467	356.6510604
1.468	356.7112246
1.469	356.7712857
1.47	356.8312438
1.471	356.8910992
1.472	356.9508519
1.473	357.0105022
1.474	357.0700502
1.475	357.1294961
1.476	357.1888401
1.477	357.2480822
1.478	357.3072228
1.479	357.3662618
1.48	357.4251996
1.481	357.4840362
1.482	357.5427719
1.483	357.6014068
1.484	357.659941
1.485	357.7183748
1.486	357.7767082
1.487	357.8349415
1.488	357.8930749
1.489	357.9511083
1.49	358.0090422
1.491	358.0668765
1.492	358.1246115
1.493	358.1822473
1.494	358.2397841
1.495	358.2972221
1.496	358.3545614
1.497	358.4118021
1.498	358.4689445
1.499	358.5259886
1.5	358.5829348
1.501	358.639783
1.502	358.6965335
1.503	358.7531865
1.504	358.809742
1.505	358.8662003
1.506	358.9225616
1.507	358.9788259
1.508	359.0349934
1.509	359.0910643
1.51	359.1470388
1.511	359.202917
1.512	359.2586991
1.513	359.3143852
1.514	359.3699755
1.515	359.4254701
1.516	359.4808693
1.517	359.5361731
1.518	359.5913817
1.519	359.6464953
1.52	359.7015141
1.521	359.7564381
1.522	359.8112676
1.523	359.8660027
1.524	359.9206435
1.525	359.9751903
1.526	360.0296432
1.527	360.0840023
1.528	360.1382677
1.529	360.1924398
1.53	360.2465185
1.531	360.3005041
1.532	360.3543967
1.533	360.4081964
1.534	360.4619035
1.535	360.5155181
1.536	360.5690403
1.537	360.6224702
1.538	360.6758082
1.539	360.7290542
1.54	360.7822084
1.541	360.8352711
1.542	360.8882423
1.543	360.9411222
1.544	360.993911
1.545	361.0466088
1.546	361.0992158
1.547	361.1517321
1.548	361.2041579
1.549	361.2564933
1.55	361.3087384
1.551	361.3608936
1.552	361.4129587
1.553	361.4649342
1.554	361.51682
1.555	361.5686163
1.556	361.6203234
1.557	361.6719413
1.558	361.7234701
1.559	361.7749102
1.56	361.8262615
1.561	361.8775242
1.562	361.9286986
1.563	361.9797847
1.564	362.0307827
1.565	362.0816927
1.566	362.1325149
1.567	362.1832495
1.568	362.2338965
1.569	362.2844562
1.57	362.3349287
1.571	362.3853142
1.572	362.4356127
1.573	362.4858244
1.574	362.5359496
1.575	362.5859882
1.576	362.6359406
1.577	362.6858068
1.578	362.7355869
1.579	362.7852812
1.58	362.8348898
1.581	362.8844127
1.582	362.9338503
1.583	362.9832025
1.584	363.0324696
1.585	363.0816518
1.586	363.130749
1.587	363.1797616
1.588	363.2286896
1.589	363.2775332
1.59	363.3262925
1.591	363.3749677
1.592	363.423559
1.593	363.4720664
1.594	363.5204901
1.595	363.5688303
1.596	363.6170871
1.597	363.6652606
1.598	363.7133511
1.599	363.7613586
1.6	363.8092832
1.601	363.8571252
1.602	363.9048847
1.603	363.9525617
1.604	364.0001566
1.605	364.0476693
1.606	364.0951001
1.607	364.142449
1.608	364.1897163
1.609	364.2369021
1.61	364.2840065
1.611	364.3310296
1.612	364.3779717
1.613	364.4248327
1.614	364.471613
1.615	364.5183126
1.616	364.5649316
1.617	364.6114703
1.618	364.6579287
1.619	364.704307
1.62	364.7506053
1.621	364.7968238
1.622	364.8429626
1.623	364.8890219
1.624	364.9350017
1.625	364.9809023
1.626	365.0267238
1.627	365.0724662
1.628	365.1181298
1.629	365.1637147
1.63	365.2092211
1.631	365.254649
1.632	365.2999986
1.633	365.3452701
1.634	365.3904635
1.635	365.4355791
1.636	365.4806169
1.637	365.5255771
1.638	365.5704599
1.639	365.6152653
1.64	365.6599935
1.641	365.7046447
1.642	365.749219
1.643	365.7937165
1.644	365.8381374
1.645	365.8824818
1.646	365.9267498
1.647	365.9709415
1.648	366.0150572
1.649	366.059097
1.65	366.1030609
1.651	366.1469491
1.652	366.1907618
1.653	366.234499
1.654	366.278161
1.655	366.3217478
1.656	366.3652597
1.657	366.4086966
1.658	366.4520588
1.659	366.4953465
1.66	366.5385596
1.661	366.5816984
1.662	366.624763
1.663	366.6677536
1.664	366.7106702
1.665	366.753513
1.666	366.7962822
1.667	366.8389778
1.668	366.8816
1.669	366.924149
1.67	366.9666248
1.671	367.0090276
1.672	367.0513576
1.673	367.0936148
1.674	367.1357994
1.675	367.1779116
1.676	367.2199514
1.677	367.261919
1.678	367.3038145
1.679	367.3456381
1.68	367.3873898
1.681	367.4290699
1.682	367.4706785
1.683	367.5122156
1.684	367.5536814
1.685	367.5950761
1.686	367.6363997
1.687	367.6776525
1.688	367.7188344
1.689	367.7599458
1.69	367.8009866
1.691	367.8419571
1.692	367.8828573
1.693	367.9236873
1.694	367.9644474
1.695	368.0051377
1.696	368.0457582
1.697	368.0863091
1.698	368.1267905
1.699	368.1672026
1.7	368.2075454
1.701	368.2478192
1.702	368.288024
1.703	368.32816
1.704	368.3682272
1.705	368.4082259
1.706	368.4481562
1.707	368.4880181
1.708	368.5278118
1.709	368.5675374
1.71	368.6071951
1.711	368.646785
1.712	368.6863072
1.713	368.7257618
1.714	368.765149
1.715	368.8044688
1.716	368.8437215
1.717	368.8829071
1.718	368.9220258
1.719	368.9610777
1.72	369.0000629
1.721	369.0389815
1.722	369.0778337
1.723	369.1166195
1.724	369.1553392
1.725	369.1939929
1.726	369.2325806
1.727	369.2711024
1.728	369.3095586
1.729	369.3479493
1.73	369.3862744
1.731	369.4245343
1.732	369.462729
1.733	369.5008586
1.734	369.5389232
1.735	369.576923
1.736	369.6148582
1.737	369.6527287
1.738	369.6905348
1.739	369.7282765
1.74	369.7659541
1.741	369.8035675
1.742	369.841117
1.743	369.8786026
1.744	369.9160245
1.745	369.9533828
1.746	369.9906776
1.747	370.0279091
1.748	370.0650773
1.749	370.1021824
1.75	370.1392245
1.751	370.1762037
1.752	370.2131202
1.753	370.249974
1.754	370.2867653
1.755	370.3234942
1.756	370.3601608
1.757	370.3967653
1.758	370.4333077
1.759	370.4697882
1.76	370.506207
1.761	370.542564
1.762	370.5788595
1.763	370.6150935
1.764	370.6512662
1.765	370.6873777
1.766	370.7234281
1.767	370.7594175
1.768	370.7953461
1.769	370.831214
1.77	370.8670212
1.771	370.9027679
1.772	370.9384543
1.773	370.9740804
1.774	371.0096463
1.775	371.0451523
1.776	371.0805983
1.777	371.1159845
1.778	371.151311
1.779	371.186578
1.78	371.2217855
1.781	371.2569337
1.782	371.2920227
1.783	371.3270526
1.784	371.3620235
1.785	371.3969355
1.786	371.4317888
1.787	371.4665835
1.788	371.5013196
1.789	371.5359973
1.79	371.5706168
1.791	371.605178
1.792	371.6396812
1.793	371.6741265
1.794	371.7085139
1.795	371.7428436
1.796	371.7771157
1.797	371.8113303
1.798	371.8454875
1.799	371.8795875
1.8	371.9136303
1.801	371.9476161
1.802	371.9815449
1.803	372.015417
1.804	372.0492323
1.805	372.0829911
1.806	372.1166934
1.807	372.1503393
1.808	372.183929
1.809	372.2174625
1.81	372.2509401
1.811	372.2843617
1.812	372.3177275
1.813	372.3510376
1.814	372.3842922
1.815	372.4174913
1.816	372.450635
1.817	372.4837235
1.818	372.5167568
1.819	372.5497352
1.82	372.5826586
1.821	372.6155272
1.822	372.6483411
1.823	372.6811005
1.824	372.7138054
1.825	372.7464559
1.826	372.7790522
1.827	372.8115943
1.828	372.8440824
1.829	372.8765166
1.83	372.908897
1.831	372.9412236
1.832	372.9734967
1.833	373.0057163
1.834	373.0378825
1.835	373.0699954
1.836	373.1020552
1.837	373.1340619
1.838	373.1660157
1.839	373.1979167
1.84	373.2297649
1.841	373.2615605
1.842	373.2933036
1.843	373.3249942
1.844	373.3566326
1.845	373.3882188
1.846	373.4197529
1.847	373.451235
1.848	373.4826653
1.849	373.5140438
1.85	373.5453706
1.851	373.5766459
1.852	373.6078697
1.853	373.6390422
1.854	373.6701635
1.855	373.7012336
1.856	373.7322527
1.857	373.7632209
1.858	373.7941383
1.859	373.825005
1.86	373.8558211
1.861	373.8865866
1.862	373.9173018
1.863	373.9479667
1.864	373.9785814
1.865	374.0091461
1.866	374.0396607
1.867	374.0701255
1.868	374.1005406
1.869	374.1309059
1.87	374.1612217
1.871	374.1914881
1.872	374.2217051
1.873	374.2518728
1.874	374.2819914
1.875	374.312061
1.876	374.3420816
1.877	374.3720534
1.878	374.4019765
1.879	374.4318509
1.88	374.4616768
1.881	374.4914542
1.882	374.5211834
1.883	374.5508643
1.884	374.5804971
1.885	374.6100819
1.886	374.6396187
1.887	374.6691078
1.888	374.6985491
1.889	374.7279428
1.89	374.757289
1.891	374.7865878
1.892	374.8158392
1.893	374.8450435
1.894	374.8742006
1.895	374.9033108
1.896	374.932374
1.897	374.9613904
1.898	374.9903601
1.899	375.0192832
1.9	375.0481598
1.901	375.0769899
1.902	375.1057738
1.903	375.1345114
1.904	375.1632029
1.905	375.1918484
1.906	375.220448
1.907	375.2490018
1.908	375.2775099
1.909	375.3059723
1.91	375.3343892
1.911	375.3627607
1.912	375.3910868
1.913	375.4193678
1.914	375.4476036
1.915	375.4757943
1.916	375.5039402
1.917	375.5320412
1.918	375.5600974
1.919	375.588109
1.92	375.6160761
1.921	375.6439987
1.922	375.6718769
1.923	375.6997109
1.924	375.7275008
1.925	375.7552466
1.926	375.7829484
1.927	375.8106063
1.928	375.8382204
1.929	375.8657909
1.93	375.8933178
1.931	375.9208012
1.932	375.9482412
1.933	375.9756379
1.934	376.0029915
1.935	376.0303018
1.936	376.0575692
1.937	376.0847937
1.938	376.1119753
1.939	376.1391143
1.94	376.1662105
1.941	376.1932643
1.942	376.2202756
1.943	376.2472445
1.944	376.2741712
1.945	376.3010557
1.946	376.3278981
1.947	376.3546986
1.948	376.3814572
1.949	376.408174
1.95	376.4348491
1.951	376.4614825
1.952	376.4880745
1.953	376.5146251
1.954	376.5411343
1.955	376.5676023
1.956	376.5940291
1.957	376.6204149
1.958	376.6467597
1.959	376.6730637
1.96	376.6993269
1.961	376.7255494
1.962	376.7517313
1.963	376.7778728
1.964	376.8039738
1.965	376.8300345
1.966	376.8560549
1.967	376.8820353
1.968	376.9079755
1.969	376.9338759
1.97	376.9597363
1.971	376.985557
1.972	377.011338
1.973	377.0370794
1.974	377.0627814
1.975	377.0884439
1.976	377.114067
1.977	377.139651
1.978	377.1651958
1.979	377.1907015
1.98	377.2161683
1.981	377.2415962
1.982	377.2669853
1.983	377.2923357
1.984	377.3176475
1.985	377.3429208
1.986	377.3681556
1.987	377.3933521
1.988	377.4185104
1.989	377.4436305
1.99	377.4687125
1.991	377.4937565
1.992	377.5187626
1.993	377.5437309
1.994	377.5686614
1.995	377.5935544
1.996	377.6184097
1.997	377.6432276
1.998	377.6680081
1.999	377.6927513
2	377.7174574
2.001	377.7421262
2.002	377.7667581
2.003	377.791353
2.004	377.8159111
2.005	377.8404324
2.006	377.8649169
2.007	377.8893649
2.008	377.9137764
2.009	377.9381514
2.01	377.9624901
2.011	377.9867926
2.012	378.0110588
2.013	378.035289
2.014	378.0594831
2.015	378.0836414
2.016	378.1077638
2.017	378.1318504
2.018	378.1559014
2.019	378.1799168
2.02	378.2038967
2.021	378.2278412
2.022	378.2517504
2.023	378.2756243
2.024	378.2994631
2.025	378.3232668
2.026	378.3470355
2.027	378.3707693
2.028	378.3944682
2.029	378.4181324
2.03	378.441762
2.031	378.4653569
2.032	378.4889174
2.033	378.5124435
2.034	378.5359352
2.035	378.5593927
2.036	378.582816
2.037	378.6062053
2.038	378.6295605
2.039	378.6528818
2.04	378.6761693
2.041	378.699423
2.042	378.7226431
2.043	378.7458296
2.044	378.7689825
2.045	378.792102
2.046	378.8151882
2.047	378.8382411
2.048	378.8612609
2.049	378.8842475
2.05	378.9072011
2.051	378.9301217
2.052	378.9530095
2.053	378.9758645
2.054	378.9986869
2.055	379.0214765
2.056	379.0442337
2.057	379.0669584
2.058	379.0896507
2.059	379.1123107
2.06	379.1349384
2.061	379.1575341
2.062	379.1800976
2.063	379.2026292
2.064	379.2251289
2.065	379.2475967
2.066	379.2700328
2.067	379.2924372
2.068	379.31481
2.069	379.3371514
2.07	379.3594612
2.071	379.3817398
2.072	379.403987
2.073	379.4262031
2.074	379.448388
2.075	379.4705419
2.076	379.4926648
2.077	379.5147568
2.078	379.536818
2.079	379.5588485
2.08	379.5808483
2.081	379.6028175
2.082	379.6247563
2.083	379.6466646
2.084	379.6685425
2.085	379.6903902
2.086	379.7122077
2.087	379.733995
2.088	379.7557524
2.089	379.7774797
2.09	379.7991772
2.091	379.8208448
2.092	379.8424827
2.093	379.8640909
2.094	379.8856696
2.095	379.9072187
2.096	379.9287384
2.097	379.9502287
2.098	379.9716898
2.099	379.9931216
2.1	380.0145243
2.101	380.0358979
2.102	380.0572425
2.103	380.0785582
2.104	380.0998451
2.105	380.1211032
2.106	380.1423326
2.107	380.1635334
2.108	380.1847057
2.109	380.2058495
2.11	380.2269649
2.111	380.2480519
2.112	380.2691108
2.113	380.2901414
2.114	380.3111439
2.115	380.3321185
2.116	380.353065
2.117	380.3739837
2.118	380.3948745
2.119	380.4157377
2.12	380.4365731
2.121	380.457381
2.122	380.4781613
2.123	380.4989142
2.124	380.5196398
2.125	380.540338
2.126	380.561009
2.127	380.5816528
2.128	380.6022695
2.129	380.6228592
2.13	380.643422
2.131	380.6639579
2.132	380.684467
2.133	380.7049494
2.134	380.7254051
2.135	380.7458342
2.136	380.7662368
2.137	380.7866129
2.138	380.8069627
2.139	380.8272862
2.14	380.8475834
2.141	380.8678544
2.142	380.8880994
2.143	380.9083183
2.144	380.9285113
2.145	380.9486784
2.146	380.9688197
2.147	380.9889352
2.148	381.0090251
2.149	381.0290893
2.15	381.049128
2.151	381.0691413
2.152	381.0891291
2.153	381.1090916
2.154	381.1290288
2.155	381.1489409
2.156	381.1688278
2.157	381.1886897
2.158	381.2085265
2.159	381.2283385
2.16	381.2481256
2.161	381.2678879
2.162	381.2876255
2.163	381.3073385
2.164	381.3270268
2.165	381.3466907
2.166	381.3663301
2.167	381.3859451
2.168	381.4055359
2.169	381.4251023
2.17	381.4446446
2.171	381.4641628
2.172	381.483657
2.173	381.5031272
2.174	381.5225734
2.175	381.5419958
2.176	381.5613945
2.177	381.5807694
2.178	381.6001207
2.179	381.6194484
2.18	381.6387526
2.181	381.6580334
2.182	381.6772908
2.183	381.6965248
2.184	381.7157356
2.185	381.7349233
2.186	381.7540878
2.187	381.7732293
2.188	381.7923477
2.189	381.8114433
2.19	381.830516
2.191	381.8495659
2.192	381.8685931
2.193	381.8875976
2.194	381.9065795
2.195	381.9255389
2.196	381.9444758
2.197	381.9633903
2.198	381.9822824
2.199	382.0011523
2.2	382.02
2.207	382.01826
2.219	382.49886
2.232	382.88868
2.244	382.88868
2.256	383.412
2.269	383.412
2.283	383.8926
2.294	384.33048
2.306	384.33048
2.32	384.747
2.333	385.18488
2.345	385.18488
2.358	385.69752
2.37	385.69752
2.383	386.13006
2.396	386.48784
2.41	386.48784
2.422	387.02718
2.435	387.02718
2.446	387.35826
2.459	387.91362
2.472	387.91362
2.485	388.2447
2.496	388.2447
2.509	388.6185
2.522	389.1258
2.535	389.1258
2.547	389.53164
2.56	390.01224
2.573	390.01224
2.586	390.38604
2.599	390.38604
2.612	390.80256
2.624	391.1817
2.637	391.1817
2.65	391.61424
2.664	391.97202
2.676	391.97202
2.689	392.39388
2.7	392.39388
2.714	392.85312
2.724	393.33372
2.739	393.33372
2.752	393.59004
2.764	393.59004
2.777	394.02258
2.789	394.45512
2.802	394.45512
2.816	394.82892
2.828	394.82892
2.842	395.26146
2.855	395.47506
2.868	395.47506
2.881	395.96634
2.895	396.34014
2.906	396.34014
2.919	396.72462
2.931	396.72462
2.945	397.1892
2.958	397.52028
2.972	397.52028
2.985	397.92612
2.999	398.24118
3.011	398.24118
3.024	398.66304
3.037	398.66304
3.05	398.96208
3.064	399.33588
3.078	399.33588
3.092	399.77376
3.104	400.0728
3.116	400.0728
3.131	400.50534
3.145	400.50534
3.157	400.89516
3.17	401.1675
3.183	401.1675
3.196	401.50926
3.21	401.50926
3.223	401.86704
3.238	402.25686
3.25	402.25686
3.263	402.61998
3.277	402.91902
3.289	402.91902
3.303	403.35156
3.317	403.35156
3.331	403.63992
3.343	404.1045
3.357	404.1045
3.371	404.35548
3.384	404.71326
3.398	404.71326
3.41	405.15114
3.423	405.15114
3.435	405.34338
3.45	405.79194
3.463	405.79194
3.476	406.04826
3.489	406.42206
3.502	406.42206
3.515	406.77984
3.529	406.77984
3.542	407.11092
3.556	407.45268
3.57	407.45268
3.583	407.75172
3.598	408.0828
3.611	408.0828
3.625	408.44058
3.64	408.44058
3.654	408.78768
3.668	409.0707
3.683	409.0707
3.695	409.41246
3.709	409.41246
3.723	409.72752
3.735	410.0853
3.749	410.0853
3.763	410.3523
3.777	410.65134
3.789	410.65134
3.803	410.93436
3.817	410.93436
3.83	411.29748
3.845	411.69798
3.859	411.69798
3.872	411.92226
3.885	412.28004
3.901	412.28004
3.913	412.4883
3.927	412.4883
3.94	412.8621
3.955	413.16114
3.967	413.16114
3.981	413.46018
3.994	413.46018
4.008	413.80194
4.022	414.02622
4.036	414.02622
4.049	414.41604
4.062	414.7311
4.076	414.7311
4.091	414.98208
4.104	415.2651
4.118	415.2651
4.132	415.56414
4.145	415.56414
4.158	415.84716
4.173	416.16222
4.186	416.16222
4.199	416.42922
4.213	416.42922
4.227	416.787
4.242	417.0273
4.256	417.0273
4.271	417.32634
4.284	417.68412
4.298	417.68412
4.312	417.9084
4.325	417.9084
4.339	418.26084
4.354	418.4424
4.367	418.4424
4.382	418.8162
4.396	419.09922
4.41	419.09922
4.424	419.27544
4.438	419.27544
4.453	419.68128
4.468	419.90022
4.481	419.90022
4.496	420.18324
4.51	420.18324
4.523	420.43956
4.536	420.72258
4.551	420.72258
4.566	420.98958
4.579	421.2726
4.593	421.2726
4.607	421.58232
4.621	421.58232
4.635	421.7799
4.648	422.06292
4.661	422.06292
4.676	422.37264
4.691	422.5809
4.705	422.5809
4.719	422.89596
4.733	422.89596
4.748	423.20568
4.76	423.38724
4.775	423.38724
4.789	423.7557
4.801	423.7557
4.817	423.96396
4.831	424.24698
4.846	424.24698
4.859	424.47126
4.874	424.68486
4.888	424.68486
4.902	424.99458
4.915	425.19216
4.93	425.19216
4.945	425.45916
4.957	425.45916
4.972	425.69946
4.987	425.98248
5	425.98248
5.014	426.22278
5.029	426.22278
5.043	426.5058
5.058	426.74076
5.07	426.74076
5.084	427.0131
5.099	427.23738
5.113	427.23738
5.127	427.53642
5.141	427.53642
5.155	427.77138
5.17	428.04372
5.184	428.04372
5.199	428.2947
5.213	428.48694
5.228	428.48694
5.242	428.7753
5.256	428.7753
5.27	429.01026
5.284	429.29328
5.298	429.29328
5.313	429.51756
5.326	429.51756
5.341	429.80058
5.355	430.02486
5.369	430.02486
5.384	430.24914
5.397	430.4307
5.412	430.4307
5.425	430.6977
5.438	430.6977
5.453	431.05548
5.469	431.18898
5.483	431.18898
5.499	431.48802
5.512	431.739
5.526	431.739
5.54	431.93658
5.555	431.93658
5.569	432.1395
5.584	432.41184
5.598	432.41184
5.612	432.63612
5.627	432.94584
5.642	432.94584
5.657	433.18614
5.669	433.18614
5.682	433.37838
5.696	433.57062
5.71	433.57062
5.725	433.7949
5.739	434.07792
5.753	434.07792
5.767	434.31822
5.782	434.31822
5.796	434.52648
5.811	434.75076
5.824	434.75076
5.839	434.9697
5.853	434.9697
5.867	435.26874
5.879	435.40224
5.895	435.40224
5.908	435.68526
5.922	435.92556
5.937	435.92556
5.951	436.16052
5.964	436.16052
5.979	436.3581
5.993	436.57704
6.008	436.57704
6.022	436.90812
6.036	437.1324
6.05	437.1324
6.066	437.24988
6.08	437.24988
6.095	437.51688
6.11	437.76786
6.123	437.76786
6.139	437.91738
6.154	438.23244
6.169	438.23244
6.183	438.36594
6.196	438.36594
6.21	438.63294
6.225	438.8412
6.239	438.8412
6.254	439.01742
6.269	439.01742
6.285	439.28442
6.299	439.41792
6.313	439.41792
6.326	439.749
6.342	439.8825
6.355	439.8825
6.372	440.16552
6.385	440.16552
6.399	440.3097
6.414	440.53398
6.428	440.53398
6.442	440.817
6.457	440.99322
6.472	440.99322
6.487	441.24954
6.502	441.24954
6.516	441.40974
6.532	441.65004
6.545	441.65004
6.56	441.885
6.575	442.05054
6.591	442.05054
6.605	442.2855
6.62	442.2855
6.633	442.54182
6.648	442.6593
6.661	442.6593
6.676	442.96902
6.691	442.96902
6.704	443.10252
6.718	443.31078
6.732	443.31078
6.746	443.55108
6.76	443.75934
6.775	443.75934
6.79	443.97828
6.804	443.97828
6.819	444.1278
6.834	444.3681
6.849	444.3681
6.863	444.58704
6.878	444.7686
6.891	444.7686
6.907	445.01958
6.921	445.01958
6.935	445.1691
6.949	445.38804
6.964	445.38804
6.979	445.49484
6.992	445.49484
7.008	445.74582
7.021	445.98078
7.034	445.98078
7.049	446.17836
7.063	446.17836
7.077	446.2371
7.092	446.51478
7.106	446.51478
7.12	446.69634
7.134	446.99004
7.149	446.99004
7.161	447.10752
7.178	447.10752
7.192	447.36384
7.206	447.49734
7.221	447.49734
7.235	447.7056
7.249	447.7056
7.263	447.94056
7.277	448.07406
7.292	448.07406
7.308	448.34106
7.32	448.50126
7.334	448.50126
7.348	448.72554
7.363	448.72554
7.378	448.91778
7.393	449.0673
7.407	449.0673
7.422	449.30226
7.437	449.45178
7.451	449.45178
7.466	449.61732
7.48	449.61732
7.494	449.87898
7.508	450.0285
7.523	450.0285
7.536	450.19404
7.552	450.19404
7.565	450.37026
7.581	450.5625
7.593	450.5625
7.608	450.84552
7.621	450.99504
7.636	450.99504
7.649	451.2033
7.663	451.2033
7.678	451.3368
7.693	451.58778
7.708	451.58778
7.722	451.75332
7.736	451.75332
7.751	451.91886
7.766	452.1378
7.78	452.1378
7.795	452.2713
7.81	452.5116
7.824	452.5116
7.838	452.74656
7.852	452.74656
7.867	452.8854
7.88	453.12036
7.895	453.12036
7.91	453.22716
7.924	453.4194
7.939	453.4194
7.954	453.65436
7.97	453.65436
7.983	453.83592
7.998	454.04418
8.013	454.04418
8.026	454.17768
8.04	454.17768
8.054	454.3539
8.068	454.56216
8.085	454.56216
8.1	454.7277
8.114	454.93596
8.128	454.93596
8.141	455.05344
8.155	455.05344
8.169	455.27238
8.184	455.51268
8.198	455.51268
8.213	455.6622
8.227	455.89716
8.243	455.89716
8.256	456.04668
8.272	456.04668
8.285	456.25494
8.299	456.37242
8.314	456.37242
8.329	456.53796
8.343	456.76224
8.355	456.76224
8.371	456.98118
8.384	456.98118
8.399	457.104
8.413	457.33896
8.427	457.33896
8.443	457.47246
8.457	457.47246
8.471	457.73946
8.485	457.85694
8.499	457.85694
8.515	458.0385
8.529	458.23074
8.545	458.23074
8.558	458.37492
8.571	458.37492
8.586	458.58318
8.6	458.7327
8.616	458.7327
8.631	458.973
8.645	459.1065
8.659	459.1065
8.675	459.22398
8.688	459.22398
8.703	459.44826
8.717	459.60846
8.731	459.60846
8.746	459.81672
8.761	459.81672
8.776	459.95022
8.791	460.11042
8.805	460.11042
8.82	460.35072
8.834	460.50024
8.849	460.50024
8.863	460.63374
8.878	460.63374
8.893	460.8687
8.908	461.0022
8.922	461.0022
8.936	461.23716
8.95	461.35998
8.964	461.35998
8.979	461.52018
8.995	461.52018
9.009	461.65368
9.024	461.84592
9.039	461.84592
9.052	462.05418
9.068	462.05418
9.081	462.17166
9.096	462.39594
9.113	462.39594
9.125	462.52944
9.141	462.70566
9.155	462.70566
9.17	462.92994
9.185	462.92994
9.201	463.07946
9.215	463.28238
9.231	463.28238
9.246	463.4319
9.262	463.5654
9.275	463.5654
9.29	463.6989
9.304	463.6989
9.319	463.86444
9.333	464.11542
