0	0
0.005	4.60842
0.01	9.00324
0.017	9.00324
0.021	11.6412
0.027	16.06272
0.031	16.06272
0.04	19.99296
0.044	19.99296
0.051	23.35716
0.057	27.64518
0.062	27.64518
0.068	31.57008
0.073	31.57008
0.081	34.6032
0.087	38.21304
0.093	38.21304
0.1	42.74136
0.104	42.74136
0.11	46.73034
0.117	50.19066
0.124	50.19066
0.13	54.93258
0.136	58.5264
0.14	58.5264
0.147	62.53674
0.151	62.53674
0.16	66.75
0.169	69.56418
0.17	69.56418
0.167	69.56418
0.174	76.51152
0.18	74.95224
0.187	74.95224
0.193	78.97326
0.199	84.2652
0.206	84.2652
0.21	87.31434
0.216	87.31434
0.224	91.01496
0.231	94.65684
0.236	94.65684
0.244	99.10506
0.251	99.10506
0.259	102.01536
0.266	106.91748
0.271	106.91748
0.278	110.71956
0.287	115.64838
0.29	115.64838
0.296	119.2422
0.305	119.2422
0.311	121.49034
0.318	126.73956
0.324	126.73956
0.33	130.28532
0.336	134.63208
0.342	134.63208
0.347	137.54772
0.351	137.54772
0.356	139.94538
0.36	143.4591
0.363	143.4591
0.371	145.41888
0.373	145.41888
0.377	148.86318
0.383	150.76422
0.387	150.76422
0.392	153.72792
0.395	155.51148
0.402	155.51148
0.405	158.20818
0.411	158.20818
0.415	160.17864
0.42	164.18364
0.423	164.18364
0.428	165.75894
0.432	168.93624
0.439	168.93624
0.447	170.613
0.452	170.613
0.456	174.10002
0.461	178.4094
0.467	178.4094
0.473	180.39054
0.473	183.02316
0.48	183.02316
0.487	184.69992
0.493	184.69992
0.499	189.5166
0.5	185.6521666
0.501	185.9124759
0.502	186.1723868
0.503	186.4318996
0.504	186.6910151
0.505	186.9497336
0.506	187.2080557
0.507	187.4659819
0.508	187.7235128
0.509	187.9806488
0.51	188.2373905
0.511	188.4937383
0.512	188.7496929
0.513	189.0052547
0.514	189.2604242
0.515	189.5152019
0.516	189.7695884
0.517	190.0235842
0.518	190.2771897
0.519	190.5304056
0.52	190.7832322
0.521	191.0356701
0.522	191.2877199
0.523	191.539382
0.524	191.7906569
0.525	192.0415452
0.526	192.2920473
0.527	192.5421638
0.528	192.7918951
0.529	193.0412418
0.53	193.2902044
0.531	193.5387834
0.532	193.7869793
0.533	194.0347925
0.534	194.2822237
0.535	194.5292733
0.536	194.7759417
0.537	195.0222296
0.538	195.2681373
0.539	195.5136655
0.54	195.7588146
0.541	196.003585
0.542	196.2479774
0.543	196.4919922
0.544	196.7356299
0.545	196.978891
0.546	197.221776
0.547	197.4642854
0.548	197.7064196
0.549	197.9481793
0.55	198.1895648
0.551	198.4305767
0.552	198.6712155
0.553	198.9114816
0.554	199.1513756
0.555	199.390898
0.556	199.6300492
0.557	199.8688297
0.558	200.1072401
0.559	200.3452807
0.56	200.5829522
0.561	200.820255
0.562	201.0571895
0.563	201.2937563
0.564	201.5299559
0.565	201.7657888
0.566	202.0012553
0.567	202.2363561
0.568	202.4710916
0.569	202.7054623
0.57	202.9394687
0.571	203.1731112
0.572	203.4063904
0.573	203.6393067
0.574	203.8718607
0.575	204.1040527
0.576	204.3358833
0.577	204.567353
0.578	204.7984622
0.579	205.0292114
0.58	205.2596011
0.581	205.4896319
0.582	205.719304
0.583	205.9486182
0.584	206.1775747
0.585	206.4061741
0.586	206.6344169
0.587	206.8623036
0.588	207.0898346
0.589	207.3170104
0.59	207.5438314
0.591	207.7702982
0.592	207.9964113
0.593	208.222171
0.594	208.4475779
0.595	208.6726325
0.596	208.8973351
0.597	209.1216864
0.598	209.3456867
0.599	209.5693366
0.6	209.7926364
0.601	210.0155867
0.602	210.238188
0.603	210.4604406
0.604	210.6823452
0.605	210.9039021
0.606	211.1251118
0.607	211.3459747
0.608	211.5664915
0.609	211.7866624
0.61	212.006488
0.611	212.2259687
0.612	212.4451051
0.613	212.6638975
0.614	212.8823464
0.615	213.1004524
0.616	213.3182158
0.617	213.5356371
0.618	213.7527168
0.619	213.9694553
0.62	214.1858532
0.621	214.4019108
0.622	214.6176286
0.623	214.8330071
0.624	215.0480467
0.625	215.262748
0.626	215.4771112
0.627	215.691137
0.628	215.9048258
0.629	216.118178
0.63	216.3311941
0.631	216.5438745
0.632	216.7562197
0.633	216.9682301
0.634	217.1799062
0.635	217.3912485
0.636	217.6022574
0.637	217.8129333
0.638	218.0232768
0.639	218.2332882
0.64	218.442968
0.641	218.6523167
0.642	218.8613346
0.643	219.0700224
0.644	219.2783803
0.645	219.4864089
0.646	219.6941086
0.647	219.9014799
0.648	220.1085231
0.649	220.3152388
0.65	220.5216274
0.651	220.7276894
0.652	220.9334251
0.653	221.138835
0.654	221.3439196
0.655	221.5486793
0.656	221.7531146
0.657	221.9572259
0.658	222.1610136
0.659	222.3644782
0.66	222.5676201
0.661	222.7704398
0.662	222.9729377
0.663	223.1751143
0.664	223.3769699
0.665	223.5785051
0.666	223.7797202
0.667	223.9806157
0.668	224.1811921
0.669	224.3814497
0.67	224.5813891
0.671	224.7810106
0.672	224.9803147
0.673	225.1793018
0.674	225.3779723
0.675	225.5763268
0.676	225.7743656
0.677	225.9720891
0.678	226.1694979
0.679	226.3665922
0.68	226.5633726
0.681	226.7598395
0.682	226.9559933
0.683	227.1518345
0.684	227.3473634
0.685	227.5425806
0.686	227.7374864
0.687	227.9320812
0.688	228.1263656
0.689	228.3203398
0.69	228.5140044
0.691	228.7073598
0.692	228.9004064
0.693	229.0931447
0.694	229.285575
0.695	229.4776977
0.696	229.6695134
0.697	229.8610224
0.698	230.0522252
0.699	230.2431221
0.7	230.4337136
0.701	230.6240002
0.702	230.8139822
0.703	231.00366
0.704	231.1930342
0.705	231.3821051
0.706	231.570873
0.707	231.7593386
0.708	231.9475021
0.709	232.135364
0.71	232.3229247
0.711	232.5101846
0.712	232.6971441
0.713	232.8838037
0.714	233.0701638
0.715	233.2562248
0.716	233.4419871
0.717	233.6274511
0.718	233.8126172
0.719	233.9974859
0.72	234.1820575
0.721	234.3663325
0.722	234.5503113
0.723	234.7339944
0.724	234.917382
0.725	235.1004746
0.726	235.2832727
0.727	235.4657767
0.728	235.6479869
0.729	235.8299037
0.73	236.0115277
0.731	236.1928591
0.732	236.3738984
0.733	236.554646
0.734	236.7351024
0.735	236.9152678
0.736	237.0951428
0.737	237.2747277
0.738	237.454023
0.739	237.6330289
0.74	237.8117461
0.741	237.9901748
0.742	238.1683154
0.743	238.3461684
0.744	238.5237342
0.745	238.7010131
0.746	238.8780056
0.747	239.0547121
0.748	239.231133
0.749	239.4072686
0.75	239.5831194
0.751	239.7586857
0.752	239.9339681
0.753	240.1089668
0.754	240.2836823
0.755	240.4581149
0.756	240.6322652
0.757	240.8061334
0.758	240.9797199
0.759	241.1530252
0.76	241.3260497
0.761	241.4987937
0.762	241.6712577
0.763	241.843442
0.764	242.0153471
0.765	242.1869732
0.766	242.3583209
0.767	242.5293906
0.768	242.7001825
0.769	242.8706972
0.77	243.0409349
0.771	243.2108961
0.772	243.3805812
0.773	243.5499906
0.774	243.7191246
0.775	243.8879837
0.776	244.0565682
0.777	244.2248786
0.778	244.3929151
0.779	244.5606783
0.78	244.7281684
0.781	244.895386
0.782	245.0623313
0.783	245.2290047
0.784	245.3954067
0.785	245.5615377
0.786	245.7273979
0.787	245.8929878
0.788	246.0583078
0.789	246.2233583
0.79	246.3881396
0.791	246.5526521
0.792	246.7168963
0.793	246.8808724
0.794	247.0445809
0.795	247.2080222
0.796	247.3711966
0.797	247.5341046
0.798	247.6967464
0.799	247.8591225
0.8	248.0212333
0.801	248.1830791
0.802	248.3446603
0.803	248.5059773
0.804	248.6670305
0.805	248.8278202
0.806	248.9883469
0.807	249.1486108
0.808	249.3086125
0.809	249.4683521
0.81	249.6278302
0.811	249.7870472
0.812	249.9460032
0.813	250.1046989
0.814	250.2631345
0.815	250.4213103
0.816	250.5792268
0.817	250.7368844
0.818	250.8942834
0.819	251.0514242
0.82	251.2083071
0.821	251.3649325
0.822	251.5213009
0.823	251.6774125
0.824	251.8332677
0.825	251.988867
0.826	252.1442106
0.827	252.299299
0.828	252.4541325
0.829	252.6087114
0.83	252.7630362
0.831	252.9171072
0.832	253.0709248
0.833	253.2244893
0.834	253.3778011
0.835	253.5308606
0.836	253.6836682
0.837	253.8362241
0.838	253.9885288
0.839	254.1405826
0.84	254.2923859
0.841	254.4439391
0.842	254.5952424
0.843	254.7462964
0.844	254.8971013
0.845	255.0476575
0.846	255.1979653
0.847	255.3480252
0.848	255.4978374
0.849	255.6474024
0.85	255.7967204
0.851	255.9457919
0.852	256.0946173
0.853	256.2431968
0.854	256.3915308
0.855	256.5396197
0.856	256.6874638
0.857	256.8350636
0.858	256.9824193
0.859	257.1295313
0.86	257.2763999
0.861	257.4230256
0.862	257.5694086
0.863	257.7155494
0.864	257.8614482
0.865	258.0071055
0.866	258.1525215
0.867	258.2976967
0.868	258.4426314
0.869	258.5873259
0.87	258.7317806
0.871	258.8759958
0.872	259.0199719
0.873	259.1637093
0.874	259.3072082
0.875	259.4504691
0.876	259.5934922
0.877	259.736278
0.878	259.8788267
0.879	260.0211388
0.88	260.1632146
0.881	260.3050544
0.882	260.4466585
0.883	260.5880273
0.884	260.7291612
0.885	260.8700606
0.886	261.0107256
0.887	261.1511568
0.888	261.2913543
0.889	261.4313187
0.89	261.5710502
0.891	261.7105491
0.892	261.8498158
0.893	261.9888507
0.894	262.1276541
0.895	262.2662263
0.896	262.4045677
0.897	262.5426785
0.898	262.6805593
0.899	262.8182102
0.9	262.9556316
0.901	263.092824
0.902	263.2297875
0.903	263.3665225
0.904	263.5030295
0.905	263.6393087
0.906	263.7753604
0.907	263.911185
0.908	264.0467828
0.909	264.1821542
0.91	264.3172995
0.911	264.452219
0.912	264.5869131
0.913	264.7213821
0.914	264.8556263
0.915	264.9896461
0.916	265.1234418
0.917	265.2570138
0.918	265.3903623
0.919	265.5234877
0.92	265.6563903
0.921	265.7890705
0.922	265.9215286
0.923	266.0537649
0.924	266.1857797
0.925	266.3175735
0.926	266.4491464
0.927	266.5804989
0.928	266.7116313
0.929	266.8425438
0.93	266.9732369
0.931	267.1037108
0.932	267.2339659
0.933	267.3640025
0.934	267.4938209
0.935	267.6234215
0.936	267.7528046
0.937	267.8819705
0.938	268.0109195
0.939	268.1396519
0.94	268.2681682
0.941	268.3964685
0.942	268.5245533
0.943	268.6524228
0.944	268.7800774
0.945	268.9075174
0.946	269.0347431
0.947	269.1617548
0.948	269.2885529
0.949	269.4151377
0.95	269.5415095
0.951	269.6676686
0.952	269.7936153
0.953	269.91935
0.954	270.0448729
0.955	270.1701845
0.956	270.295285
0.957	270.4201747
0.958	270.5448539
0.959	270.669323
0.96	270.7935823
0.961	270.9176321
0.962	271.0414727
0.963	271.1651044
0.964	271.2885276
0.965	271.4117425
0.966	271.5347495
0.967	271.6575489
0.968	271.780141
0.969	271.9025261
0.97	272.0247045
0.971	272.1466766
0.972	272.2684426
0.973	272.3900029
0.974	272.5113577
0.975	272.6325074
0.976	272.7534524
0.977	272.8741928
0.978	272.9947291
0.979	273.1150614
0.98	273.2351903
0.981	273.3551158
0.982	273.4748384
0.983	273.5943584
0.984	273.7136761
0.985	273.8327917
0.986	273.9517056
0.987	274.0704181
0.988	274.1889295
0.989	274.30724
0.99	274.4253501
0.991	274.5432601
0.992	274.6609701
0.993	274.7784806
0.994	274.8957917
0.995	275.012904
0.996	275.1298175
0.997	275.2465327
0.998	275.3630498
0.999	275.4793692
1	275.5954911
1.001	275.7114159
1.002	275.8271438
1.003	275.9426752
1.004	276.0580103
1.005	276.1731495
1.006	276.288093
1.007	276.4028412
1.008	276.5173943
1.009	276.6317527
1.01	276.7459166
1.011	276.8598864
1.012	276.9736623
1.013	277.0872446
1.014	277.2006337
1.015	277.3138299
1.016	277.4268333
1.017	277.5396444
1.018	277.6522634
1.019	277.7646907
1.02	277.8769264
1.021	277.988971
1.022	278.1008246
1.023	278.2124877
1.024	278.3239605
1.025	278.4352432
1.026	278.5463362
1.027	278.6572398
1.028	278.7679543
1.029	278.8784799
1.03	278.988817
1.031	279.0989658
1.032	279.2089266
1.033	279.3186998
1.034	279.4282855
1.035	279.5376842
1.036	279.6468961
1.037	279.7559214
1.038	279.8647605
1.039	279.9734137
1.04	280.0818812
1.041	280.1901633
1.042	280.2982604
1.043	280.4061727
1.044	280.5139004
1.045	280.621444
1.046	280.7288036
1.047	280.8359796
1.048	280.9429722
1.049	281.0497817
1.05	281.1564085
1.051	281.2628527
1.052	281.3691147
1.053	281.4751948
1.054	281.5810933
1.055	281.6868103
1.056	281.7923463
1.057	281.8977014
1.058	282.0028761
1.059	282.1078705
1.06	282.2126849
1.061	282.3173197
1.062	282.421775
1.063	282.5260513
1.064	282.6301487
1.065	282.7340675
1.066	282.8378081
1.067	282.9413706
1.068	283.0447555
1.069	283.1479629
1.07	283.2509931
1.071	283.3538465
1.072	283.4565232
1.073	283.5590236
1.074	283.661348
1.075	283.7634966
1.076	283.8654697
1.077	283.9672675
1.078	284.0688904
1.079	284.1703386
1.08	284.2716125
1.081	284.3727122
1.082	284.473638
1.083	284.5743903
1.084	284.6749692
1.085	284.7753752
1.086	284.8756084
1.087	284.975669
1.088	285.0755575
1.089	285.175274
1.09	285.2748189
1.091	285.3741924
1.092	285.4733947
1.093	285.5724262
1.094	285.6712871
1.095	285.7699776
1.096	285.8684981
1.097	285.9668489
1.098	286.0650301
1.099	286.1630421
1.1	286.2608851
1.101	286.3585594
1.102	286.4560653
1.103	286.553403
1.104	286.6505728
1.105	286.747575
1.106	286.8444098
1.107	286.9410775
1.108	287.0375783
1.109	287.1339126
1.11	287.2300806
1.111	287.3260825
1.112	287.4219186
1.113	287.5175893
1.114	287.6130947
1.115	287.708435
1.116	287.8036107
1.117	287.8986219
1.118	287.9934689
1.119	288.088152
1.12	288.1826714
1.121	288.2770274
1.122	288.3712202
1.123	288.4652502
1.124	288.5591175
1.125	288.6528224
1.126	288.7463653
1.127	288.8397462
1.128	288.9329656
1.129	289.0260237
1.13	289.1189207
1.131	289.2116568
1.132	289.3042324
1.133	289.3966477
1.134	289.488903
1.135	289.5809985
1.136	289.6729344
1.137	289.7647111
1.138	289.8563288
1.139	289.9477877
1.14	290.0390881
1.141	290.1302303
1.142	290.2212144
1.143	290.3120408
1.144	290.4027098
1.145	290.4932215
1.146	290.5835762
1.147	290.6737742
1.148	290.7638158
1.149	290.8537011
1.15	290.9434304
1.151	291.0330041
1.152	291.1224222
1.153	291.2116852
1.154	291.3007932
1.155	291.3897465
1.156	291.4785453
1.157	291.56719
1.158	291.6556806
1.159	291.7440176
1.16	291.8322011
1.161	291.9202314
1.162	292.0081088
1.163	292.0958334
1.164	292.1834056
1.165	292.2708255
1.166	292.3580935
1.167	292.4452097
1.168	292.5321745
1.169	292.6189881
1.17	292.7056507
1.171	292.7921625
1.172	292.8785238
1.173	292.9647349
1.174	293.0507961
1.175	293.1367074
1.176	293.2224692
1.177	293.3080818
1.178	293.3935454
1.179	293.4788602
1.18	293.5640264
1.181	293.6490443
1.182	293.7339142
1.183	293.8186363
1.184	293.9032109
1.185	293.9876381
1.186	294.0719182
1.187	294.1560515
1.188	294.2400381
1.189	294.3238785
1.19	294.4075727
1.191	294.491121
1.192	294.5745237
1.193	294.657781
1.194	294.7408931
1.195	294.8238603
1.196	294.9066828
1.197	294.9893609
1.198	295.0718948
1.199	295.1542847
1.2	295.2365308
1.201	295.3186335
1.202	295.4005929
1.203	295.4824093
1.204	295.5640829
1.205	295.6456139
1.206	295.7270027
1.207	295.8082493
1.208	295.8893541
1.209	295.9703173
1.21	296.0511392
1.211	296.1318198
1.212	296.2123596
1.213	296.2927587
1.214	296.3730174
1.215	296.4531358
1.216	296.5331143
1.217	296.612953
1.218	296.6926523
1.219	296.7722122
1.22	296.8516331
1.221	296.9309152
1.222	297.0100586
1.223	297.0890638
1.224	297.1679308
1.225	297.2466599
1.226	297.3252513
1.227	297.4037053
1.228	297.4820221
1.229	297.560202
1.23	297.638245
1.231	297.7161516
1.232	297.7939218
1.233	297.871556
1.234	297.9490544
1.235	298.0264171
1.236	298.1036445
1.237	298.1807367
1.238	298.2576939
1.239	298.3345165
1.24	298.4112046
1.241	298.4877584
1.242	298.5641782
1.243	298.6404642
1.244	298.7166166
1.245	298.7926356
1.246	298.8685215
1.247	298.9442746
1.248	299.0198949
1.249	299.0953827
1.25	299.1707384
1.251	299.245962
1.252	299.3210538
1.253	299.396014
1.254	299.4708429
1.255	299.5455407
1.256	299.6201075
1.257	299.6945437
1.258	299.7688494
1.259	299.8430248
1.26	299.9170702
1.261	299.9909858
1.262	300.0647719
1.263	300.1384285
1.264	300.211956
1.265	300.2853546
1.266	300.3586245
1.267	300.4317658
1.268	300.5047789
1.269	300.5776639
1.27	300.6504211
1.271	300.7230507
1.272	300.7955529
1.273	300.8679278
1.274	300.9401758
1.275	301.012297
1.276	301.0842917
1.277	301.1561601
1.278	301.2279023
1.279	301.2995187
1.28	301.3710093
1.281	301.4423745
1.282	301.5136144
1.283	301.5847293
1.284	301.6557194
1.285	301.7265848
1.286	301.7973258
1.287	301.8679427
1.288	301.9384356
1.289	302.0088047
1.29	302.0790502
1.291	302.1491724
1.292	302.2191715
1.293	302.2890476
1.294	302.358801
1.295	302.428432
1.296	302.4979406
1.297	302.5673272
1.298	302.6365918
1.299	302.7057349
1.3	302.7747564
1.301	302.8436568
1.302	302.912436
1.303	302.9810945
1.304	303.0496324
1.305	303.1180498
1.306	303.186347
1.307	303.2545242
1.308	303.3225817
1.309	303.3905195
1.31	303.458338
1.311	303.5260373
1.312	303.5936176
1.313	303.6610792
1.314	303.7284222
1.315	303.7956469
1.316	303.8627534
1.317	303.929742
1.318	303.9966128
1.319	304.0633662
1.32	304.1300021
1.321	304.196521
1.322	304.2629229
1.323	304.3292082
1.324	304.3953768
1.325	304.4614292
1.326	304.5273655
1.327	304.5931859
1.328	304.6588905
1.329	304.7244796
1.33	304.7899535
1.331	304.8553122
1.332	304.920556
1.333	304.9856851
1.334	305.0506997
1.335	305.1156
1.336	305.1803862
1.337	305.2450585
1.338	305.3096171
1.339	305.3740622
1.34	305.4383939
1.341	305.5026126
1.342	305.5667183
1.343	305.6307113
1.344	305.6945918
1.345	305.75836
1.346	305.822016
1.347	305.8855601
1.348	305.9489925
1.349	306.0123133
1.35	306.0755228
1.351	306.1386212
1.352	306.2016086
1.353	306.2644852
1.354	306.3272513
1.355	306.389907
1.356	306.4524526
1.357	306.5148882
1.358	306.5772139
1.359	306.6394301
1.36	306.7015369
1.361	306.7635345
1.362	306.8254231
1.363	306.8872029
1.364	306.948874
1.365	307.0104367
1.366	307.0718912
1.367	307.1332376
1.368	307.1944761
1.369	307.255607
1.37	307.3166304
1.371	307.3775465
1.372	307.4383555
1.373	307.4990576
1.374	307.559653
1.375	307.6201418
1.376	307.6805243
1.377	307.7408007
1.378	307.8009711
1.379	307.8610357
1.38	307.9209948
1.381	307.9808484
1.382	308.0405968
1.383	308.1002403
1.384	308.1597788
1.385	308.2192128
1.386	308.2785422
1.387	308.3377674
1.388	308.3968885
1.389	308.4559057
1.39	308.5148192
1.391	308.5736292
1.392	308.6323358
1.393	308.6909392
1.394	308.7494397
1.395	308.8078374
1.396	308.8661324
1.397	308.9243251
1.398	308.9824155
1.399	309.0404038
1.4	309.0982903
1.401	309.1560751
1.402	309.2137584
1.403	309.2713403
1.404	309.3288211
1.405	309.386201
1.406	309.44348
1.407	309.5006585
1.408	309.5577366
1.409	309.6147144
1.41	309.6715921
1.411	309.72837
1.412	309.7850482
1.413	309.8416269
1.414	309.8981063
1.415	309.9544865
1.416	310.0107677
1.417	310.0669501
1.418	310.1230339
1.419	310.1790193
1.42	310.2349064
1.421	310.2906955
1.422	310.3463866
1.423	310.40198
1.424	310.4574758
1.425	310.5128743
1.426	310.5681756
1.427	310.6233799
1.428	310.6784873
1.429	310.7334981
1.43	310.7884124
1.431	310.8432303
1.432	310.8979522
1.433	310.952578
1.434	311.0071081
1.435	311.0615426
1.436	311.1158816
1.437	311.1701254
1.438	311.2242741
1.439	311.2783278
1.44	311.3322868
1.441	311.3861513
1.442	311.4399213
1.443	311.4935972
1.444	311.547179
1.445	311.6006669
1.446	311.6540611
1.447	311.7073617
1.448	311.7605691
1.449	311.8136832
1.45	311.8667043
1.451	311.9196325
1.452	311.9724681
1.453	312.0252112
1.454	312.0778619
1.455	312.1304205
1.456	312.1828871
1.457	312.2352618
1.458	312.2875449
1.459	312.3397365
1.46	312.3918368
1.461	312.4438459
1.462	312.4957641
1.463	312.5475914
1.464	312.5993281
1.465	312.6509743
1.466	312.7025302
1.467	312.753996
1.468	312.8053718
1.469	312.8566578
1.47	312.9078541
1.471	312.958961
1.472	313.0099786
1.473	313.060907
1.474	313.1117464
1.475	313.1624971
1.476	313.213159
1.477	313.2637325
1.478	313.3142177
1.479	313.3646148
1.48	313.4149238
1.481	313.465145
1.482	313.5152786
1.483	313.5653246
1.484	313.6152834
1.485	313.6651549
1.486	313.7149395
1.487	313.7646372
1.488	313.8142482
1.489	313.8637728
1.49	313.9132109
1.491	313.9625629
1.492	314.0118288
1.493	314.0610089
1.494	314.1101032
1.495	314.159112
1.496	314.2080354
1.497	314.2568736
1.498	314.3056267
1.499	314.354295
1.5	314.4028784
1.501	314.4513773
1.502	314.4997917
1.503	314.5481219
1.504	314.596368
1.505	314.6445301
1.506	314.6926084
1.507	314.7406031
1.508	314.7885143
1.509	314.8363422
1.51	314.884087
1.511	314.9317487
1.512	314.9793276
1.513	315.0268238
1.514	315.0742374
1.515	315.1215687
1.516	315.1688178
1.517	315.2159848
1.518	315.2630699
1.519	315.3100732
1.52	315.356995
1.521	315.4038353
1.522	315.4505943
1.523	315.4972722
1.524	315.5438691
1.525	315.5903852
1.526	315.6368206
1.527	315.6831755
1.528	315.7294501
1.529	315.7756444
1.53	315.8217587
1.531	315.8677931
1.532	315.9137477
1.533	315.9596228
1.534	316.0054184
1.535	316.0511347
1.536	316.0967719
1.537	316.14233
1.538	316.1878094
1.539	316.2332101
1.54	316.2785322
1.541	316.323776
1.542	316.3689415
1.543	316.4140289
1.544	316.4590385
1.545	316.5039702
1.546	316.5488243
1.547	316.5936009
1.548	316.6383002
1.549	316.6829223
1.55	316.7274674
1.551	316.7719356
1.552	316.8163271
1.553	316.8606419
1.554	316.9048804
1.555	316.9490425
1.556	316.9931285
1.557	317.0371385
1.558	317.0810727
1.559	317.1249312
1.56	317.1687141
1.561	317.2124216
1.562	317.2560538
1.563	317.2996109
1.564	317.3430931
1.565	317.3865004
1.566	317.4298331
1.567	317.4730912
1.568	317.516275
1.569	317.5593845
1.57	317.6024199
1.571	317.6453813
1.572	317.688269
1.573	317.731083
1.574	317.7738234
1.575	317.8164905
1.576	317.8590844
1.577	317.9016051
1.578	317.944053
1.579	317.986428
1.58	318.0287304
1.581	318.0709602
1.582	318.1131177
1.583	318.1552029
1.584	318.1972161
1.585	318.2391573
1.586	318.2810267
1.587	318.3228244
1.588	318.3645507
1.589	318.4062055
1.59	318.4477891
1.591	318.4893016
1.592	318.5307431
1.593	318.5721138
1.594	318.6134138
1.595	318.6546433
1.596	318.6958024
1.597	318.7368912
1.598	318.7779099
1.599	318.8188586
1.6	318.8597374
1.601	318.9005466
1.602	318.9412862
1.603	318.9819563
1.604	319.0225572
1.605	319.0630889
1.606	319.1035516
1.607	319.1439454
1.608	319.1842705
1.609	319.2245269
1.61	319.2647149
1.611	319.3048345
1.612	319.344886
1.613	319.3848694
1.614	319.4247849
1.615	319.4646325
1.616	319.5044126
1.617	319.5441251
1.618	319.5837702
1.619	319.6233481
1.62	319.6628589
1.621	319.7023026
1.622	319.7416796
1.623	319.7809898
1.624	319.8202335
1.625	319.8594107
1.626	319.8985216
1.627	319.9375663
1.628	319.976545
1.629	320.0154578
1.63	320.0543048
1.631	320.0930861
1.632	320.131802
1.633	320.1704524
1.634	320.2090376
1.635	320.2475577
1.636	320.2860128
1.637	320.3244031
1.638	320.3627286
1.639	320.4009896
1.64	320.4391861
1.641	320.4773182
1.642	320.5153862
1.643	320.5533901
1.644	320.5913301
1.645	320.6292062
1.646	320.6670187
1.647	320.7047676
1.648	320.7424531
1.649	320.7800753
1.65	320.8176343
1.651	320.8551304
1.652	320.8925635
1.653	320.9299338
1.654	320.9672415
1.655	321.0044866
1.656	321.0416694
1.657	321.0787899
1.658	321.1158483
1.659	321.1528447
1.66	321.1897791
1.661	321.2266519
1.662	321.2634629
1.663	321.3002125
1.664	321.3369007
1.665	321.3735277
1.666	321.4100935
1.667	321.4465984
1.668	321.4830423
1.669	321.5194256
1.67	321.5557482
1.671	321.5920102
1.672	321.628212
1.673	321.6643534
1.674	321.7004348
1.675	321.7364561
1.676	321.7724176
1.677	321.8083193
1.678	321.8441614
1.679	321.879944
1.68	321.9156672
1.681	321.9513312
1.682	321.986936
1.683	322.0224818
1.684	322.0579687
1.685	322.0933968
1.686	322.1287663
1.687	322.1640773
1.688	322.1993298
1.689	322.2345241
1.69	322.2696602
1.691	322.3047383
1.692	322.3397585
1.693	322.3747209
1.694	322.4096256
1.695	322.4444727
1.696	322.4792624
1.697	322.5139948
1.698	322.5486701
1.699	322.5832882
1.7	322.6178494
1.701	322.6523537
1.702	322.6868013
1.703	322.7211924
1.704	322.7555269
1.705	322.7898051
1.706	322.8240271
1.707	322.8581929
1.708	322.8923027
1.709	322.9263567
1.71	322.9603548
1.711	322.9942973
1.712	323.0281843
1.713	323.0620159
1.714	323.0957922
1.715	323.1295133
1.716	323.1631793
1.717	323.1967904
1.718	323.2303466
1.719	323.2638482
1.72	323.2972951
1.721	323.3306875
1.722	323.3640256
1.723	323.3973095
1.724	323.4305391
1.725	323.4637148
1.726	323.4968366
1.727	323.5299045
1.728	323.5629188
1.729	323.5958796
1.73	323.6287869
1.731	323.6616408
1.732	323.6944415
1.733	323.7271891
1.734	323.7598838
1.735	323.7925255
1.736	323.8251145
1.737	323.8576508
1.738	323.8901346
1.739	323.922566
1.74	323.954945
1.741	323.9872718
1.742	324.0195466
1.743	324.0517694
1.744	324.0839403
1.745	324.1160594
1.746	324.1481269
1.747	324.1801429
1.748	324.2121074
1.749	324.2440207
1.75	324.2758827
1.751	324.3076937
1.752	324.3394536
1.753	324.3711627
1.754	324.4028211
1.755	324.4344288
1.756	324.4659859
1.757	324.4974927
1.758	324.5289491
1.759	324.5603553
1.76	324.5917114
1.761	324.6230175
1.762	324.6542737
1.763	324.6854802
1.764	324.716637
1.765	324.7477442
1.766	324.778802
1.767	324.8098104
1.768	324.8407696
1.769	324.8716797
1.77	324.9025407
1.771	324.9333529
1.772	324.9641162
1.773	324.9948309
1.774	325.0254969
1.775	325.0561145
1.776	325.0866837
1.777	325.1172046
1.778	325.1476774
1.779	325.1781021
1.78	325.2084788
1.781	325.2388077
1.782	325.2690889
1.783	325.2993224
1.784	325.3295084
1.785	325.3596469
1.786	325.3897381
1.787	325.4197822
1.788	325.4497791
1.789	325.4797289
1.79	325.5096319
1.791	325.5394881
1.792	325.5692976
1.793	325.5990605
1.794	325.6287769
1.795	325.6584469
1.796	325.6880706
1.797	325.7176482
1.798	325.7471797
1.799	325.7766652
1.8	325.8061048
1.801	325.8354986
1.802	325.8648468
1.803	325.8941494
1.804	325.9234066
1.805	325.9526184
1.806	325.9817849
1.807	326.0109063
1.808	326.0399826
1.809	326.0690139
1.81	326.0980004
1.811	326.1269422
1.812	326.1558393
1.813	326.1846918
1.814	326.2134998
1.815	326.2422636
1.816	326.270983
1.817	326.2996583
1.818	326.3282896
1.819	326.3568769
1.82	326.3854203
1.821	326.41392
1.822	326.442376
1.823	326.4707884
1.824	326.4991574
1.825	326.5274831
1.826	326.5557654
1.827	326.5840046
1.828	326.6122007
1.829	326.6403539
1.83	326.6684642
1.831	326.6965317
1.832	326.7245565
1.833	326.7525388
1.834	326.7804785
1.835	326.8083759
1.836	326.836231
1.837	326.8640439
1.838	326.8918147
1.839	326.9195435
1.84	326.9472303
1.841	326.9748754
1.842	327.0024788
1.843	327.0300405
1.844	327.0575607
1.845	327.0850395
1.846	327.112477
1.847	327.1398732
1.848	327.1672283
1.849	327.1945424
1.85	327.2218154
1.851	327.2490477
1.852	327.2762391
1.853	327.3033899
1.854	327.3305001
1.855	327.3575699
1.856	327.3845992
1.857	327.4115883
1.858	327.4385371
1.859	327.4654459
1.86	327.4923146
1.861	327.5191434
1.862	327.5459324
1.863	327.5726816
1.864	327.5993912
1.865	327.6260612
1.866	327.6526918
1.867	327.679283
1.868	327.705835
1.869	327.7323477
1.87	327.7588214
1.871	327.785256
1.872	327.8116518
1.873	327.8380087
1.874	327.8643269
1.875	327.8906065
1.876	327.9168475
1.877	327.9430501
1.878	327.9692142
1.879	327.9953402
1.88	328.0214279
1.881	328.0474775
1.882	328.0734892
1.883	328.0994629
1.884	328.1253988
1.885	328.1512969
1.886	328.1771574
1.887	328.2029803
1.888	328.2287658
1.889	328.2545139
1.89	328.2802247
1.891	328.3058983
1.892	328.3315347
1.893	328.3571342
1.894	328.3826967
1.895	328.4082223
1.896	328.4337112
1.897	328.4591634
1.898	328.484579
1.899	328.5099581
1.9	328.5353008
1.901	328.5606072
1.902	328.5858773
1.903	328.6111113
1.904	328.6363092
1.905	328.6614711
1.906	328.6865971
1.907	328.7116873
1.908	328.7367418
1.909	328.7617607
1.91	328.786744
1.911	328.8116918
1.912	328.8366042
1.913	328.8614814
1.914	328.8863233
1.915	328.9111301
1.916	328.9359019
1.917	328.9606387
1.918	328.9853407
1.919	329.0100078
1.92	329.0346403
1.921	329.0592381
1.922	329.0838014
1.923	329.1083302
1.924	329.1328247
1.925	329.1572849
1.926	329.1817109
1.927	329.2061027
1.928	329.2304606
1.929	329.2547845
1.93	329.2790745
1.931	329.3033307
1.932	329.3275532
1.933	329.3517421
1.934	329.3758975
1.935	329.4000194
1.936	329.4241079
1.937	329.4481631
1.938	329.4721851
1.939	329.496174
1.94	329.5201299
1.941	329.5440528
1.942	329.5679427
1.943	329.5917999
1.944	329.6156244
1.945	329.6394162
1.946	329.6631755
1.947	329.6869022
1.948	329.7105966
1.949	329.7342586
1.95	329.7578885
1.951	329.7814861
1.952	329.8050517
1.953	329.8285852
1.954	329.8520869
1.955	329.8755566
1.956	329.8989947
1.957	329.922401
1.958	329.9457758
1.959	329.969119
1.96	329.9924307
1.961	330.0157111
1.962	330.0389602
1.963	330.0621781
1.964	330.0853648
1.965	330.1085205
1.966	330.1316452
1.967	330.1547391
1.968	330.177802
1.969	330.2008343
1.97	330.2238358
1.971	330.2468068
1.972	330.2697473
1.973	330.2926573
1.974	330.315537
1.975	330.3383864
1.976	330.3612055
1.977	330.3839946
1.978	330.4067536
1.979	330.4294826
1.98	330.4521817
1.981	330.4748509
1.982	330.4974905
1.983	330.5201003
1.984	330.5426806
1.985	330.5652313
1.986	330.5877526
1.987	330.6102445
1.988	330.6327071
1.989	330.6551404
1.99	330.6775447
1.991	330.6999198
1.992	330.722266
1.993	330.7445832
1.994	330.7668715
1.995	330.7891311
1.996	330.811362
1.997	330.8335643
1.998	330.855738
1.999	330.8778832
2	330.9
2.011	330.92514
2.022	331.40574
2.035	331.40574
2.048	331.87566
2.062	331.87566
2.075	332.22276
2.09	332.7087
2.102	332.7087
2.114	333.08784
2.126	333.08784
2.139	333.45096
2.153	333.9369
2.166	333.9369
2.179	334.34274
2.193	334.81266
2.206	334.81266
2.219	335.1918
2.233	335.1918
2.246	335.52288
2.259	335.97678
2.272	335.97678
2.285	336.30786
2.299	336.30786
2.312	336.77778
2.326	337.09284
2.338	337.09284
2.353	337.50402
2.367	337.90986
2.379	337.90986
2.392	338.3157
2.406	338.3157
2.419	338.72688
2.432	339.04194
2.446	339.04194
2.46	339.42108
2.473	339.42108
2.487	339.82692
2.501	340.20606
2.513	340.20606
2.528	340.55316
2.542	340.94298
2.555	340.94298
2.569	341.27406
2.583	341.27406
2.596	341.66922
2.61	342.12312
2.623	342.12312
2.638	342.42216
2.651	342.42216
2.664	342.87606
2.679	343.1484
2.693	343.1484
2.707	343.49016
2.72	343.8693
2.735	343.8693
2.749	344.17368
2.764	344.61156
2.776	344.61156
2.791	344.91594
2.805	344.91594
2.817	345.26304
2.831	345.61014
2.844	345.61014
2.857	346.01598
2.871	346.01598
2.885	346.36842
2.899	346.66746
2.914	346.66746
2.928	346.98786
2.941	346.98786
2.956	347.367
2.968	347.69808
2.983	347.69808
2.997	348.04518
3.011	348.42432
3.025	348.42432
3.04	348.71268
3.055	348.71268
3.068	349.0758
3.084	349.39086
3.097	349.39086
3.111	349.73796
3.124	350.1171
3.139	350.1171
3.153	350.41614
3.167	350.41614
3.181	350.8113
3.195	351.09966
3.209	351.09966
3.224	351.41472
3.238	351.79386
3.252	351.79386
3.265	352.10892
3.279	352.10892
3.294	352.48806
3.308	352.74438
3.322	352.74438
3.336	353.05944
3.35	353.05944
3.364	353.4813
3.379	353.72694
3.393	353.72694
3.406	354.10074
3.42	354.35706
3.435	354.35706
3.449	354.61338
3.463	354.61338
3.477	354.99252
3.491	355.33962
3.505	355.33962
3.518	355.61196
3.534	355.61196
3.547	355.97508
3.562	356.2581
3.576	356.2581
3.59	356.56248
3.603	356.9256
3.617	356.9256
3.631	357.14988
3.647	357.14988
3.66	357.5397
3.674	357.79602
3.689	357.79602
3.701	358.1271
3.717	358.1271
3.73	358.4742
3.744	358.73052
3.759	358.73052
3.773	359.0349
3.787	359.34996
3.802	359.34996
3.817	359.68104
3.831	359.68104
3.846	359.90532
3.858	360.2364
3.873	360.2364
3.887	360.50874
3.9	360.50874
3.914	360.89856
3.928	361.20294
3.942	361.20294
3.957	361.45926
3.97	361.74228
3.985	361.74228
3.999	362.04666
4.014	362.04666
4.028	362.40444
4.042	362.64474
4.055	362.64474
4.07	362.99184
4.086	362.99184
4.101	363.22146
4.114	363.53652
4.129	363.53652
4.142	363.83556
4.156	364.09188
4.171	364.09188
4.184	364.43898
4.2	364.43898
4.214	364.67928
4.228	364.97832
4.244	364.97832
4.258	365.27736
4.272	365.27736
4.287	365.56572
4.302	365.84874
4.315	365.84874
4.33	366.1371
4.344	366.3774
4.358	366.3774
4.372	366.7512
4.387	366.7512
4.401	366.94878
4.415	367.3386
4.429	367.3386
4.445	367.61094
4.459	367.61094
4.473	367.8192
4.488	368.11824
4.503	368.11824
4.515	368.31582
4.53	368.66292
4.545	368.66292
4.559	368.96196
4.574	368.96196
4.588	369.1542
4.604	369.41052
4.619	369.41052
4.633	369.70956
4.648	370.02462
4.661	370.02462
4.676	370.29696
4.691	370.29696
4.705	370.57998
4.721	370.82028
4.736	370.82028
4.75	371.0766
4.764	371.33292
4.779	371.33292
4.794	371.64798
4.809	371.64798
4.824	371.8776
4.838	372.17664
4.853	372.17664
4.867	372.465
4.881	372.465
4.896	372.64122
4.911	372.96162
4.925	372.96162
4.938	373.20192
4.954	373.45824
4.969	373.45824
4.985	373.75728
4.999	373.75728
5.014	373.98156
5.028	374.2539
5.042	374.2539
5.057	374.55828
5.073	374.55828
5.087	374.78256
5.101	374.78256
5.114	374.87868
5.129	374.87868
5.143	375.20976
5.159	375.402
5.173	375.402
5.189	375.73842
5.204	375.73842
5.217	375.93066
5.232	376.2297
5.246	376.2297
5.26	376.45932
5.274	376.66758
5.289	376.66758
5.302	376.97196
5.318	376.97196
5.332	377.21226
5.348	377.49528
5.362	377.49528
5.375	377.69286
5.39	378.02394
5.406	378.02394
5.422	378.28026
5.436	378.28026
5.451	378.48852
5.465	378.77154
5.481	378.77154
5.496	378.98514
5.51	379.1934
5.525	379.1934
5.538	379.52448
5.553	379.52448
5.568	379.72206
5.582	380.03712
5.597	380.03712
5.613	380.24538
5.627	380.24538
5.641	380.475
5.657	380.75802
5.673	380.75802
5.686	381.01434
5.701	381.20658
5.715	381.20658
5.729	381.47892
5.742	381.47892
5.758	381.7032
5.773	381.97554
5.788	381.97554
5.803	382.24788
5.817	382.24788
5.833	382.47216
5.848	382.73916
5.861	382.73916
5.877	382.96344
5.891	382.96344
5.905	383.17704
5.92	383.4921
5.936	383.4921
5.951	383.64162
5.966	383.98872
5.98	383.98872
5.995	384.15426
6.009	384.15426
6.024	384.40524
6.037	384.62952
6.052	384.62952
6.067	384.88584
6.082	384.88584
6.097	385.15818
6.111	385.38246
6.125	385.38246
6.139	385.62276
6.153	385.815
6.168	385.815
6.184	386.01258
6.199	386.01258
6.212	386.32764
6.227	386.5359
6.241	386.5359
6.257	386.73348
6.271	386.73348
6.286	387.07524
6.301	387.21408
6.315	387.21408
6.331	387.52914
6.344	387.78012
6.359	387.78012
6.374	387.92964
6.388	387.92964
6.403	388.22868
6.416	388.38354
6.432	388.38354
6.447	388.69326
6.46	388.69326
6.476	388.94958
6.49	389.0991
6.506	389.0991
6.52	389.41416
6.535	389.65446
6.55	389.65446
6.564	389.8467
6.579	389.8467
6.595	390.15108
6.608	390.35934
6.624	390.35934
6.638	390.53556
6.652	390.79188
6.669	390.79188
6.683	391.00014
6.697	391.00014
6.711	391.2885
6.725	391.46472
6.74	391.46472
6.757	391.70502
6.771	391.70502
6.786	391.9293
6.801	392.15358
6.816	392.15358
6.831	392.37786
6.845	392.63418
6.859	392.63418
6.874	392.8905
6.889	392.8905
6.904	393.1575
6.919	393.36576
6.933	393.36576
6.948	393.57936
6.962	393.57936
6.976	393.78762
6.992	393.99588
7.006	393.99588
7.022	394.20414
7.034	394.20414
7.05	394.48716
7.064	394.68474
7.08	394.68474
7.093	394.96776
7.108	395.11728
7.122	395.11728
7.136	395.4003
7.151	395.4003
7.165	395.54982
7.179	395.7741
7.194	395.7741
7.208	396.03042
7.223	396.03042
7.237	396.22266
7.25	396.42024
7.266	396.42024
7.28	396.67122
7.295	396.67122
7.308	396.8688
7.322	397.17852
7.336	397.17852
7.352	397.25328
7.366	397.25328
7.379	397.47756
7.394	397.76058
7.409	397.76058
7.424	397.97418
7.438	398.27322
7.453	398.27322
7.467	398.42274
7.483	398.42274
7.497	398.66304
7.511	398.91936
7.526	398.91936
7.541	399.14364
7.556	399.14364
7.57	399.41064
7.586	399.56016
7.601	399.56016
7.616	399.81648
7.629	400.03008
7.643	400.03008
7.659	400.26504
7.673	400.26504
7.689	400.47864
7.704	400.73496
7.719	400.73496
7.733	400.94322
7.748	400.94322
7.765	401.15148
7.779	401.301
7.795	401.301
7.81	401.57334
7.823	401.81364
7.839	401.81364
7.854	401.93112
7.867	401.93112
7.884	402.21414
7.899	402.37968
7.914	402.37968
7.929	402.59328
7.944	402.59328
7.957	402.81756
7.973	403.05252
7.988	403.05252
8.002	403.26612
8.016	403.41564
8.031	403.41564
8.047	403.65594
8.062	403.65594
8.078	403.8642
8.092	404.07246
8.108	404.07246
8.122	404.28072
8.138	404.28072
8.152	404.51034
8.167	404.65986
8.183	404.65986
8.196	404.94288
8.212	405.0924
8.226	405.0924
8.242	405.34872
8.257	405.34872
8.271	405.52494
8.286	405.76524
8.3	405.76524
8.315	405.9735
8.332	406.15506
8.346	406.15506
8.36	406.39536
8.374	406.39536
8.389	406.57158
8.405	406.79586
8.419	406.79586
8.433	407.02014
8.448	407.02014
8.462	407.2017
8.477	407.442
8.493	407.442
8.506	407.59152
8.52	407.59152
8.535	407.75706
8.552	408.04008
8.566	408.04008
8.581	408.24834
8.596	408.39786
8.612	408.39786
8.626	408.68088
8.642	408.68088
8.655	408.84642
8.67	409.03866
8.686	409.03866
8.702	409.26828
8.716	409.40178
8.732	409.40178
8.745	409.70082
8.76	409.70082
8.776	409.72752
8.791	409.93578
8.806	409.93578
8.823	410.14938
8.837	410.37366
8.853	410.37366
8.869	410.59794
8.883	410.59794
8.897	410.79018
8.913	411.03048
8.926	411.03048
8.942	411.26544
8.957	411.26544
8.973	411.40428
8.988	411.714
9.001	411.714
9.016	411.85284
9.032	411.85284
9.047	412.0611
9.064	412.28538
9.077	412.28538
9.092	412.44558
9.106	412.65918
9.121	412.65918
9.136	412.77666
9.15	412.77666
9.166	412.98492
9.181	413.25192
9.196	413.25192
9.211	413.37474
9.226	413.37474
9.242	413.64174
9.256	413.83398
9.271	413.83398
9.286	413.99952
9.302	414.23982
9.316	414.23982
9.332	414.38934
9.347	414.38934
9.362	414.64032
9.379	414.84858
9.393	414.84858
9.407	414.98742
9.423	415.2384
9.437	415.2384
9.451	415.3452
9.467	415.3452
9.483	415.58016
9.498	415.77774
9.512	415.77774
9.528	415.95396
9.543	415.95396
9.558	416.15154
9.573	416.3598
9.588	416.3598
9.603	416.53602
9.619	416.72826
9.635	416.72826
9.651	416.96856
9.666	416.96856
9.681	417.1341
9.696	417.34236
9.711	417.34236
9.726	417.47586
9.741	417.7749
9.755	417.7749
9.77	417.92442
9.784	417.92442
9.799	418.11666
9.813	418.34094
9.828	418.34094
9.844	418.39968
9.858	418.39968
9.873	418.69872
9.888	418.80018
9.902	418.80018
9.916	419.07252
9.933	419.22204
9.946	419.22204
9.961	419.38224
9.974	419.38224
9.989	419.62254
10.005	419.81478
10.02	419.81478
10.035	419.92158
10.052	419.92158
10.066	420.15654
10.082	420.39684
10.097	420.39684
10.112	420.56238
10.128	420.77064
10.143	420.77064
10.156	420.90414
10.172	420.90414
10.187	421.06434
10.2	421.27794
10.215	421.27794
10.23	421.47018
10.246	421.47018
10.262	421.73718
10.277	421.85466
10.291	421.85466
10.307	422.12166
10.322	422.21244
10.335	422.21244
10.35	422.47944
10.366	422.47944
10.38	422.61294
10.396	422.81052
10.41	422.81052
10.425	423.04548
10.441	423.17898
10.456	423.17898
10.471	423.40326
10.486	423.40326
10.502	423.52074
10.516	423.74502
10.53	423.74502
10.546	424.01202
10.561	424.01202
10.576	424.13484
10.591	424.31106
10.605	424.31106
10.62	424.51932
10.635	424.51932
10.649	424.62612
10.664	424.8771
10.68	424.8771
10.695	425.08536
10.71	425.23488
10.725	425.23488
10.739	425.44848
10.754	425.44848
10.769	425.59266
10.784	425.79024
10.798	425.79024
10.815	425.95578
10.829	426.18006
10.843	426.18006
10.859	426.38832
10.873	426.38832
10.889	426.55386
10.905	426.67134
10.918	426.67134
10.933	426.91164
10.949	426.91164
10.962	427.07184
10.978	427.29612
10.992	427.29612
11.006	427.41894
11.022	427.41894
11.036	427.6539
11.052	427.86216
11.067	427.86216
11.084	427.96896
11.097	428.25198
11.112	428.25198
11.127	428.31072
11.142	428.31072
11.157	428.535
11.173	428.75928
11.187	428.75928
11.202	428.9088
11.218	428.9088
11.214	429.11706
