0	0
-1.42056E-05	4.60842
-2.65421E-05	9.00324
-2.65421E-05	9.00324
-3.60748E-05	11.6412
-5.05607E-05	16.06272
-5.05607E-05	16.06272
-6.14953E-05	19.99296
-6.14953E-05	19.99296
-7.68224E-05	23.35716
-8.82243E-05	27.64518
-8.82243E-05	27.64518
-9.86916E-05	31.57008
-9.86916E-05	31.57008
-0.000114486	34.6032
-0.000126168	38.21304
-0.000126168	38.21304
-0.000138224	42.74136
-0.000138224	42.74136
-0.000153738	46.73034
-0.000166542	50.19066
-0.000166542	50.19066
-0.000178037	54.93258
-0.000192523	58.5264
-0.000192523	58.5264
-0.000207383	62.53674
-0.000207383	62.53674
-0.000219626	66.75
-0.000230841	69.56418
-0.000230841	69.56418
-0.000230841	69.56418
-0.000238411	76.51152
-0.000241308	74.95224
-0.000241308	74.95224
-0.000256916	78.97326
-0.000269065	84.2652
-0.000269065	84.2652
-0.000282243	87.31434
-0.000282243	87.31434
-0.000296822	91.01496
-0.000310187	94.65684
-0.000310187	94.65684
-0.000321869	99.10506
-0.000321869	99.10506
-0.000339065	102.01536
-0.000352336	106.91748
-0.000352336	106.91748
-0.000368598	110.71956
-0.000383084	115.64838
-0.000383084	115.64838
-0.000393551	119.2422
-0.000393551	119.2422
-0.000409252	121.49034
-0.000423738	126.73956
-0.000423738	126.73956
-0.000442897	130.28532
-0.000454579	134.63208
-0.000454579	134.63208
-0.00046757	137.54772
-0.00046757	137.54772
-0.000480748	139.94538
-0.000489159	143.4591
-0.000489159	143.4591
-0.000498505	145.41888
-0.000498505	145.41888
-0.000509439	148.86318
-0.000516449	150.76422
-0.000516449	150.76422
-0.000525981	153.72792
-0.000539533	155.51148
-0.000539533	155.51148
-0.000549439	158.20818
-0.000549439	158.20818
-0.000559626	160.17864
-0.000572336	164.18364
-0.000572336	164.18364
-0.000581682	165.75894
-0.000590093	168.93624
-0.000590093	168.93624
-0.0006	170.613
-0.0006	170.613
-0.000620187	174.10002
-0.000620187	175.8449147
-0.000635187	177.7932518
-0.000650187	179.697394
-0.000665187	181.5588816
-0.000680187	183.379184
-0.000695187	185.1597042
-0.000710187	186.9017823
-0.000725187	188.606699
-0.000740187	190.2756791
-0.000755187	191.909894
-0.000770187	193.510465
-0.000785187	195.0784656
-0.000800187	196.6149245
-0.000815187	198.1208273
-0.000830187	199.5971192
-0.000845187	201.0447069
-0.000860187	202.4644603
-0.000875187	203.8572148
-0.000890187	205.2237725
-0.000905187	206.5649044
-0.000920187	207.8813513
-0.000935187	209.1738256
-0.000950187	210.4430126
-0.000965187	211.6895718
-0.000980187	212.9141379
-0.000995187	214.1173223
-0.001010187	215.2997139
-0.001025187	216.4618801
-0.001040187	217.604368
-0.001055187	218.7277049
-0.001070187	219.8323999
-0.001085187	220.9189437
-0.001100187	221.9878104
-0.001115187	223.0394574
-0.001130187	224.0743266
-0.001145187	225.092845
-0.001160187	226.0954251
-0.001175187	227.0824658
-0.001190187	228.0543526
-0.001205187	229.0114585
-0.001220187	229.9541443
-0.001235187	230.8827594
-0.001250187	231.7976415
-0.001265187	232.6991182
-0.001280187	233.5875062
-0.001295187	234.4631127
-0.001310187	235.3262353
-0.001325187	236.1771621
-0.001340187	237.016173
-0.001355187	237.8435388
-0.001370187	238.6595226
-0.001385187	239.4643794
-0.001400187	240.2583567
-0.001415187	241.0416948
-0.001430187	241.8146268
-0.001445187	242.5773793
-0.001460187	243.3301721
-0.001475187	244.0732188
-0.001490187	244.8067271
-0.001505187	245.5308986
-0.001520187	246.2459295
-0.001535187	246.9520104
-0.001550187	247.6493265
-0.001565187	248.3380583
-0.001580187	249.018381
-0.001595187	249.6904653
-0.001610187	250.3544772
-0.001625187	251.0105784
-0.001640187	251.6589261
-0.001655187	252.2996736
-0.001670187	252.93297
-0.001685187	253.5589607
-0.001700187	254.1777871
-0.001715187	254.7895872
-0.001730187	255.3944954
-0.001745187	255.9926426
-0.001760187	256.5841566
-0.001775187	257.1691619
-0.001790187	257.7477798
-0.001805187	258.3201288
-0.001820187	258.8863244
-0.001835187	259.4464792
-0.001850187	260.0007032
-0.001865187	260.5491036
-0.001880187	261.0917852
-0.001895187	261.6288503
-0.001910187	262.1603985
-0.001925187	262.6865274
-0.001940187	263.2073322
-0.001955187	263.7229057
-0.001970187	264.2333388
-0.001985187	264.7387202
-0.002000187	265.2391366
-0.002015187	265.7346727
-0.002030187	266.2254113
-0.002045187	266.7114334
-0.002060187	267.1928179
-0.002075187	267.6696425
-0.002090187	268.1419826
-0.002105187	268.6099122
-0.002120187	269.0735038
-0.002135187	269.5328282
-0.002150187	269.9879545
-0.002165187	270.4389506
-0.002180187	270.8858828
-0.002195187	271.328816
-0.002210187	271.7678138
-0.002225187	272.2029383
-0.002240187	272.6342504
-0.002255187	273.0618098
-0.002270187	273.4856749
-0.002285187	273.9059027
-0.002300187	274.3225494
-0.002315187	274.7356698
-0.002330187	275.1453177
-0.002345187	275.5515457
-0.002360187	275.9544053
-0.002375187	276.3539473
-0.002390187	276.7502211
-0.002405187	277.1432754
-0.002420187	277.5331576
-0.002435187	277.9199147
-0.002450187	278.3035922
-0.002465187	278.6842352
-0.002480187	279.0618876
-0.002495187	279.4365925
-0.002510187	279.8083924
-0.002525187	280.1773288
-0.002540187	280.5434424
-0.002555187	280.9067732
-0.002570187	281.2673605
-0.002585187	281.6252427
-0.002600187	281.9804576
-0.002615187	282.3330422
-0.002630187	282.6830331
-0.002645187	283.0304659
-0.002660187	283.3753756
-0.002675187	283.7177967
-0.002690187	284.0577631
-0.002705187	284.3953079
-0.002720187	284.7304637
-0.002735187	285.0632626
-0.002750187	285.393736
-0.002765187	285.7219147
-0.002780187	286.0478293
-0.002795187	286.3715093
-0.002810187	286.6929843
-0.002825187	287.0122829
-0.002840187	287.3294334
-0.002855187	287.6444637
-0.002870187	287.957401
-0.002885187	288.2682723
-0.002900187	288.5771038
-0.002915187	288.8839217
-0.002930187	289.1887513
-0.002945187	289.4916177
-0.002960187	289.7925457
-0.002975187	290.0915594
-0.002990187	290.3886827
-0.003005187	290.6839391
-0.003020187	290.9773516
-0.003035187	291.268943
-0.003050187	291.5587355
-0.003065187	291.8467511
-0.003080187	292.1330114
-0.003095187	292.4175376
-0.003110187	292.7003507
-0.003125187	292.9814712
-0.003140187	293.2609194
-0.003155187	293.5387152
-0.003170187	293.8148782
-0.003185187	294.0894276
-0.003200187	294.3623826
-0.003215187	294.6337618
-0.003230187	294.9035836
-0.003245187	295.1718662
-0.003260187	295.4386273
-0.003275187	295.7038845
-0.003290187	295.9676552
-0.003305187	296.2299564
-0.003320187	296.4908048
-0.003335187	296.750217
-0.003350187	297.0082093
-0.003365187	297.2647976
-0.003380187	297.5199978
-0.003395187	297.7738254
-0.003410187	298.0262957
-0.003425187	298.2774238
-0.003440187	298.5272246
-0.003455187	298.7757128
-0.003470187	299.0229027
-0.003485187	299.2688086
-0.003500187	299.5134446
-0.003515187	299.7568244
-0.003530187	299.9989616
-0.003545187	300.2398697
-0.003560187	300.4795618
-0.003575187	300.7180511
-0.003590187	300.9553504
-0.003605187	301.1914723
-0.003620187	301.4264294
-0.003635187	301.6602339
-0.003650187	301.8928979
-0.003665187	302.1244336
-0.003680187	302.3548526
-0.003695187	302.5841666
-0.003710187	302.8123871
-0.003725187	303.0395254
-0.003740187	303.2655927
-0.003755187	303.4906
-0.003770187	303.714558
-0.003785187	303.9374777
-0.003800187	304.1593695
-0.003815187	304.3802438
-0.003830187	304.6001109
-0.003845187	304.818981
-0.003860187	305.0368641
-0.003875187	305.2537701
-0.003890187	305.4697086
-0.003905187	305.6846894
-0.003920187	305.8987219
-0.003935187	306.1118155
-0.003950187	306.3239794
-0.003965187	306.5352227
-0.003980187	306.7455545
-0.003995187	306.9549836
-0.004010187	307.1635188
-0.004025187	307.3711688
-0.004040187	307.5779421
-0.004055187	307.783847
-0.004070187	307.9888921
-0.004085187	308.1930854
-0.004100187	308.3964351
-0.004115187	308.5989493
-0.004130187	308.8006357
-0.004145187	309.0015024
-0.004160187	309.2015568
-0.004175187	309.4008067
-0.004190187	309.5992597
-0.004205187	309.796923
-0.004220187	309.9938041
-0.004235187	310.1899103
-0.004250187	310.3852486
-0.004265187	310.5798261
-0.004280187	310.7736499
-0.004295187	310.9667267
-0.004310187	311.1590636
-0.004325187	311.3506671
-0.004340187	311.5415439
-0.004355187	311.7317006
-0.004370187	311.9211437
-0.004385187	312.1098796
-0.004400187	312.2979146
-0.004415187	312.485255
-0.004430187	312.671907
-0.004445187	312.8578767
-0.004460187	313.0431701
-0.004475187	313.2277932
-0.004490187	313.411752
-0.004505187	313.5950521
-0.004520187	313.7776995
-0.004535187	313.9596998
-0.004550187	314.1410586
-0.004565187	314.3217816
-0.004580187	314.5018741
-0.004595187	314.6813416
-0.004610187	314.8601896
-0.004625187	315.0384232
-0.004640187	315.2160479
-0.004655187	315.3930687
-0.004670187	315.5694909
-0.004685187	315.7453194
-0.004700187	315.9205593
-0.004715187	316.0952156
-0.004730187	316.2692931
-0.004745187	316.4427968
-0.004760187	316.6157314
-0.004775187	316.7881017
-0.004790187	316.9599123
-0.004805187	317.1311679
-0.004820187	317.3018731
-0.004835187	317.4720325
-0.004850187	317.6416505
-0.004865187	317.8107315
-0.004880187	317.97928
-0.004895187	318.1473002
-0.004910187	318.3147966
-0.004925187	318.4817733
-0.004940187	318.6482345
-0.004955187	318.8141845
-0.004970187	318.9796272
-0.004985187	319.1445669
-0.005000187	319.3090075
-0.005015187	319.472953
-0.005030187	319.6364073
-0.005045187	319.7993743
-0.005060187	319.961858
-0.005075187	320.1238621
-0.005090187	320.2853904
-0.005105187	320.4464466
-0.005120187	320.6070345
-0.005135187	320.7671576
-0.005150187	320.9268197
-0.005165187	321.0860243
-0.005180187	321.2447749
-0.005195187	321.4030751
-0.005210187	321.5609284
-0.005225187	321.7183381
-0.005240187	321.8753078
-0.005255187	322.0318406
-0.005270187	322.1879401
-0.005285187	322.3436095
-0.005300187	322.498852
-0.005315187	322.653671
-0.005330187	322.8080695
-0.005345187	322.9620508
-0.005360187	323.115618
-0.005375187	323.2687743
-0.005390187	323.4215226
-0.005405187	323.573866
-0.005420187	323.7258077
-0.005435187	323.8773504
-0.005450187	324.0284973
-0.005465187	324.1792512
-0.005480187	324.329615
-0.005495187	324.4795916
-0.005510187	324.6291838
-0.005525187	324.7783945
-0.005540187	324.9272264
-0.005555187	325.0756823
-0.005570187	325.223765
-0.005585187	325.371477
-0.005600187	325.5188212
-0.005615187	325.6658002
-0.005630187	325.8124165
-0.005645187	325.9586728
-0.005660187	326.1045718
-0.005675187	326.2501158
-0.005690187	326.3953075
-0.005705187	326.5401494
-0.005720187	326.6846439
-0.005735187	326.8287936
-0.005750187	326.9726008
-0.005765187	327.1160679
-0.005780187	327.2591974
-0.005795187	327.4019916
-0.005810187	327.5444529
-0.005825187	327.6865835
-0.005840187	327.8283859
-0.005855187	327.9698622
-0.005870187	328.1110147
-0.005885187	328.2518458
-0.005900187	328.3923575
-0.005915187	328.532552
-0.005930187	328.6724317
-0.005945187	328.8119986
-0.005960187	328.9512548
-0.005975187	329.0902025
-0.005990187	329.2288438
-0.006005187	329.3671808
-0.006020187	329.5052154
-0.006035187	329.6429499
-0.006050187	329.7803861
-0.006065187	329.9175261
-0.006080187	330.0543719
-0.006095187	330.1909255
-0.006110187	330.3271888
-0.006125187	330.4631637
-0.006140187	330.5988522
-0.006155187	330.7342561
-0.006170187	330.8693775
-0.006178692	330.92514
-0.006236636	331.40574
-0.006236636	331.40574
-0.006295327	331.87566
-0.006295327	331.87566
-0.00635514	332.22276
-0.006412523	332.7087
-0.006412523	332.7087
-0.006470187	333.08784
-0.006470187	333.08784
-0.006528972	333.45096
-0.00658785	333.9369
-0.00658785	333.9369
-0.006646075	334.34274
-0.006705234	334.81266
-0.006705234	334.81266
-0.00676271	335.1918
-0.00676271	335.1918
-0.00682028	335.52288
-0.006879346	335.97678
-0.006879346	335.97678
-0.006939907	336.30786
-0.006939907	336.30786
-0.00699729	336.77778
-0.007054393	337.09284
-0.007054393	337.09284
-0.007112617	337.50402
-0.007172336	337.90986
-0.007172336	337.90986
-0.007230654	338.3157
-0.007230654	338.3157
-0.007288785	338.72688
-0.007345421	339.04194
-0.007345421	339.04194
-0.007403458	339.42108
-0.007403458	339.42108
-0.007461308	339.82692
-0.00752	340.20606
-0.00752	340.20606
-0.007576916	340.55316
-0.007636168	340.94298
-0.007636168	340.94298
-0.007691963	341.27406
-0.007691963	341.27406
-0.007751402	341.66922
-0.007808879	342.12312
-0.007808879	342.12312
-0.007865234	342.42216
-0.007865234	342.42216
-0.007918692	342.87606
-0.007975234	343.1484
-0.007975234	343.1484
-0.008030935	343.49016
-0.008087477	343.8693
-0.008087477	343.8693
-0.008143832	344.17368
-0.008198411	344.61156
-0.008198411	344.61156
-0.008251402	344.91594
-0.008251402	344.91594
-0.008308224	345.26304
-0.008362243	345.61014
-0.008362243	345.61014
-0.008417196	346.01598
-0.008417196	346.01598
-0.008470187	346.36842
-0.008523925	346.66746
-0.008523925	346.66746
-0.008577757	346.98786
-0.008577757	346.98786
-0.008631682	347.367
-0.008687103	347.69808
-0.008687103	347.69808
-0.008740935	348.04518
-0.008793364	348.42432
-0.008793364	348.42432
-0.00884785	348.71268
-0.00884785	348.71268
-0.008900748	349.0758
-0.008953832	349.39086
-0.008953832	349.39086
-0.009008224	349.73796
-0.009062991	350.1171
-0.009062991	350.1171
-0.00911757	350.41614
-0.00911757	350.41614
-0.009170841	350.8113
-0.009226168	351.09966
-0.009226168	351.09966
-0.009278505	351.41472
-0.009329346	351.79386
-0.009329346	351.79386
-0.00938028	352.10892
-0.00938028	352.10892
-0.009431121	352.48806
-0.009485981	352.74438
-0.009485981	352.74438
-0.009538037	353.05944
-0.009538037	353.05944
-0.00959271	353.4813
-0.009645327	353.72694
-0.009645327	353.72694
-0.009699533	354.10074
-0.009753551	354.35706
-0.009753551	354.35706
-0.00980514	354.61338
-0.00980514	354.61338
-0.009856449	354.99252
-0.009907477	355.33962
-0.009907477	355.33962
-0.009960841	355.61196
-0.009960841	355.61196
-0.010013832	355.97508
-0.010065514	356.2581
-0.010065514	356.2581
-0.01011972	356.56248
-0.01017028	356.9256
-0.01017028	356.9256
-0.010221963	357.14988
-0.010221963	357.14988
-0.010274112	357.5397
-0.010326449	357.79602
-0.010326449	357.79602
-0.010378318	358.1271
-0.010378318	358.1271
-0.010429439	358.4742
-0.010481869	358.73052
-0.010481869	358.73052
-0.010532991	359.0349
-0.010585607	359.34996
-0.010585607	359.34996
-0.01063785	359.68104
-0.01063785	359.68104
-0.01068729	359.90532
-0.010738318	360.2364
-0.010738318	360.2364
-0.010789626	360.50874
-0.010789626	360.50874
-0.010842804	360.89856
-0.010895701	361.20294
-0.010895701	361.20294
-0.010946916	361.45926
-0.010996355	361.74228
-0.010996355	361.74228
-0.011048505	362.04666
-0.011048505	362.04666
-0.01110028	362.40444
-0.011151308	362.64474
-0.011151308	362.64474
-0.011201869	362.99184
-0.011201869	362.99184
-0.011252523	363.22146
-0.011304112	363.53652
-0.011304112	363.53652
-0.011354206	363.83556
-0.011406075	364.09188
-0.011406075	364.09188
-0.011456355	364.43898
-0.011456355	364.43898
-0.011506262	364.67928
-0.011556822	364.97832
-0.011556822	364.97832
-0.011608411	365.27736
-0.011608411	365.27736
-0.011659533	365.56572
-0.011712523	365.84874
-0.011712523	365.84874
-0.011764206	366.1371
-0.011814953	366.3774
-0.011814953	366.3774
-0.011866729	366.7512
-0.011866729	366.7512
-0.011918972	366.94878
-0.011971215	367.3386
-0.011971215	367.3386
-0.012022243	367.61094
-0.012022243	367.61094
-0.012074112	367.8192
-0.012126729	368.11824
-0.012126729	368.11824
-0.012179159	368.31582
-0.012231215	368.66292
-0.012231215	368.66292
-0.012283271	368.96196
-0.012283271	368.96196
-0.012335421	369.1542
-0.012387944	369.41052
-0.012387944	369.41052
-0.012439533	369.70956
-0.012491215	370.02462
-0.012491215	370.02462
-0.012543645	370.29696
-0.012543645	370.29696
-0.012593271	370.57998
-0.012644393	370.82028
-0.012644393	370.82028
-0.01269757	371.0766
-0.012748692	371.33292
-0.012748692	371.33292
-0.012798598	371.64798
-0.012798598	371.64798
-0.012849439	371.8776
-0.012900187	372.17664
-0.012900187	372.17664
-0.012950748	372.465
-0.012950748	372.465
-0.013001963	372.64122
-0.013054019	372.96162
-0.013054019	372.96162
-0.013103645	373.20192
-0.013154579	373.45824
-0.013154579	373.45824
-0.01320486	373.75728
-0.01320486	373.75728
-0.013255047	373.98156
-0.013305047	374.2539
-0.013305047	374.2539
-0.013355047	374.55828
-0.013355047	374.55828
-0.013403458	374.78256
-0.013403458	374.78256
-0.013479439	374.87868
-0.013479439	374.87868
-0.013529813	375.20976
-0.013579159	375.402
-0.013579159	375.402
-0.013628224	375.73842
-0.013628224	375.73842
-0.013676822	375.93066
-0.013726822	376.2297
-0.013726822	376.2297
-0.013776168	376.45932
-0.013823178	376.66758
-0.013823178	376.66758
-0.013871589	376.97196
-0.013871589	376.97196
-0.01392028	377.21226
-0.013969813	377.49528
-0.013969813	377.49528
-0.014018692	377.69286
-0.014067944	378.02394
-0.014067944	378.02394
-0.014117009	378.28026
-0.014117009	378.28026
-0.014166449	378.48852
-0.014214486	378.77154
-0.014214486	378.77154
-0.014264299	378.98514
-0.014311963	379.1934
-0.014311963	379.1934
-0.014359346	379.52448
-0.014359346	379.52448
-0.014406075	379.72206
-0.014454486	380.03712
-0.014454486	380.03712
-0.014504953	380.24538
-0.014504953	380.24538
-0.014552804	380.475
-0.014601215	380.75802
-0.014601215	380.75802
-0.014648785	381.01434
-0.014696822	381.20658
-0.014696822	381.20658
-0.01474514	381.47892
-0.01474514	381.47892
-0.014790748	381.7032
-0.014839907	381.97554
-0.014839907	381.97554
-0.014885701	382.24788
-0.014885701	382.24788
-0.014935047	382.47216
-0.01498243	382.73916
-0.01498243	382.73916
-0.015031589	382.96344
-0.015078224	382.96344
-0.015078224	383.17704
-0.015126168	383.4921
-0.015126168	383.4921
-0.015173832	383.64162
-0.015220187	383.98872
-0.015220187	383.98872
-0.015268318	384.15426
-0.015268318	384.15426
-0.015314673	384.40524
-0.01536243	384.62952
-0.01536243	384.62952
-0.015406729	384.88584
-0.015406729	384.88584
-0.015454206	385.15818
-0.015501215	385.38246
-0.015501215	385.38246
-0.01554757	385.62276
-0.015593458	385.815
-0.015593458	385.815
-0.015638505	386.01258
-0.015638505	386.01258
-0.015684579	386.32764
-0.015729907	386.5359
-0.015729907	386.5359
-0.015772804	386.73348
-0.015772804	386.73348
-0.015817477	387.07524
-0.015860654	387.21408
-0.015860654	387.21408
-0.015902991	387.52914
-0.015947103	387.78012
-0.015947103	387.78012
-0.015990654	387.92964
-0.015990654	387.92964
-0.016032523	388.22868
-0.016074486	388.38354
-0.016074486	388.38354
-0.016116168	388.69326
-0.016116168	388.69326
-0.01615757	388.94958
-0.016198692	389.0991
-0.016198692	389.0991
-0.016238131	389.41416
-0.016279346	389.65446
-0.016279346	389.65446
-0.016318131	389.8467
-0.016318131	389.8467
-0.016357103	390.15108
-0.016396636	390.35934
-0.016396636	390.35934
-0.01643785	390.53556
-0.016476542	390.79188
-0.016476542	390.79188
-0.016515794	391.00014
-0.016515794	391.00014
-0.016554953	391.2885
-0.016594112	391.46472
-0.016594112	391.46472
-0.016633084	391.70502
-0.016633084	391.70502
-0.01667028	391.9293
-0.01670729	392.15358
-0.01670729	392.15358
-0.01674486	392.37786
-0.016783551	392.63418
-0.016783551	392.63418
-0.016821963	392.8905
-0.016821963	392.8905
-0.016859533	393.1575
-0.016896636	393.36576
-0.016896636	393.36576
-0.016935234	393.57936
-0.016935234	393.57936
-0.016972804	393.78762
-0.017010841	393.99588
-0.017010841	393.99588
-0.017048598	394.20414
-0.017048598	394.20414
-0.017084112	394.48716
-0.017121028	394.68474
-0.017121028	394.68474
-0.017159907	394.96776
-0.01719729	395.11728
-0.01719729	395.11728
-0.017233645	395.4003
-0.017233645	395.4003
-0.017270093	395.54982
-0.017307103	395.7741
-0.017307103	395.7741
-0.017342056	396.03042
-0.017342056	396.03042
-0.017378972	396.22266
-0.017416075	396.42024
-0.017416075	396.42024
-0.017451402	396.67122
-0.017451402	396.67122
-0.017486916	396.8688
-0.017523271	397.17852
-0.017523271	397.17852
-0.017558411	397.25328
-0.017558411	397.25328
-0.017592336	397.47756
-0.01762757	397.76058
-0.01762757	397.76058
-0.017661963	397.97418
-0.017696075	398.27322
-0.017696075	398.27322
-0.017732243	398.42274
-0.017732243	398.42274
-0.017767103	398.66304
-0.017801963	398.91936
-0.017801963	398.91936
-0.01783486	399.14364
-0.01783486	399.14364
-0.017870374	399.41064
-0.017904766	399.56016
-0.017904766	399.56016
-0.017939252	399.81648
-0.017974579	400.03008
-0.017974579	400.03008
-0.018008505	400.26504
-0.018008505	400.26504
-0.018042804	400.47864
-0.018076729	400.73496
-0.018076729	400.73496
-0.018111308	400.94322
-0.018111308	400.94322
-0.018146262	401.15148
-0.01817729	401.301
-0.01817729	401.301
-0.018209626	401.57334
-0.018244019	401.81364
-0.018244019	401.81364
-0.018279252	401.93112
-0.018279252	401.93112
-0.018311963	402.21414
-0.01834486	402.37968
-0.01834486	402.37968
-0.018378692	402.59328
-0.018378692	402.59328
-0.018413271	402.81756
-0.018446729	403.05252
-0.018446729	403.05252
-0.01848028	403.26612
-0.018512804	403.41564
-0.018512804	403.41564
-0.018547757	403.65594
-0.018547757	403.65594
-0.018581121	403.8642
-0.018615607	404.07246
-0.018615607	404.07246
-0.018649813	404.28072
-0.018649813	404.28072
-0.01868215	404.51034
-0.018716355	404.65986
-0.018716355	404.65986
-0.01875	404.94288
-0.018784393	405.0924
-0.018784393	405.0924
-0.018817196	405.34872
-0.018817196	405.34872
-0.018851028	405.52494
-0.018884953	405.76524
-0.018884953	405.76524
-0.018919907	405.9735
-0.018953084	406.15506
-0.018953084	406.15506
-0.018987196	406.39536
-0.018987196	406.39536
-0.019021495	406.57158
-0.019054206	406.79586
-0.019054206	406.79586
-0.019087944	407.02014
-0.019087944	407.02014
-0.01912215	407.2017
-0.019155514	407.442
-0.019155514	407.442
-0.01918757	407.59152
-0.01918757	407.59152
-0.019220748	407.75706
-0.019254766	408.04008
-0.019254766	408.04008
-0.019290654	408.24834
-0.019323832	408.39786
-0.019323832	408.39786
-0.019357196	408.68088
-0.019357196	408.68088
-0.019390561	408.84642
-0.019423364	409.03866
-0.019423364	409.03866
-0.019457196	409.26828
-0.019491121	409.40178
-0.019491121	409.40178
-0.019522897	409.70082
-0.019522897	409.70082
-0.019553551	409.72752
-0.019586355	409.93578
-0.019586355	409.93578
-0.019619626	410.14938
-0.019650748	410.37366
-0.019650748	410.37366
-0.019683364	410.59794
-0.019683364	410.59794
-0.019716168	410.79018
-0.019748318	411.03048
-0.019748318	411.03048
-0.019780841	411.26544
-0.019780841	411.26544
-0.019813271	411.40428
-0.019845701	411.714
-0.019845701	411.714
-0.019877664	411.85284
-0.019877664	411.85284
-0.019909626	412.0611
-0.01994271	412.28538
-0.01994271	412.28538
-0.019974393	412.44558
-0.020006636	412.65918
-0.020006636	412.65918
-0.020037944	412.77666
-0.020037944	412.77666
-0.020070561	412.98492
-0.020102336	413.25192
-0.020102336	413.25192
-0.020134112	413.37474
-0.020134112	413.37474
-0.020165234	413.64174
-0.020196822	413.83398
-0.020196822	413.83398
-0.020228692	413.99952
-0.020259907	414.23982
-0.020259907	414.23982
-0.020291308	414.38934
-0.020291308	414.38934
-0.020322897	414.64032
-0.020354953	414.84858
-0.020354953	414.84858
-0.020385888	414.98742
-0.020417383	415.2384
-0.020417383	415.2384
-0.020448131	415.3452
-0.020448131	415.3452
-0.020478598	415.58016
-0.020509439	415.77774
-0.020509439	415.77774
-0.020539533	415.95396
-0.020539533	415.95396
-0.020570187	416.15154
-0.020601121	416.3598
-0.020601121	416.3598
-0.020632243	416.53602
-0.020663645	416.72826
-0.020663645	416.72826
-0.020693084	416.96856
-0.020693084	416.96856
-0.020723458	417.1341
-0.02075486	417.34236
-0.02075486	417.34236
-0.020785234	417.47586
-0.02081514	417.7749
-0.02081514	417.7749
-0.020845047	417.92442
-0.020845047	417.92442
-0.020875514	418.11666
-0.020904206	418.34094
-0.020904206	418.34094
-0.02093514	418.39968
-0.02093514	418.39968
-0.020963084	418.69872
-0.020992897	418.80018
-0.020992897	418.80018
-0.021022804	419.07252
-0.021051963	419.22204
-0.021051963	419.22204
-0.021081028	419.38224
-0.021081028	419.38224
-0.02110972	419.62254
-0.021138972	419.81478
-0.021138972	419.81478
-0.021167383	419.92158
-0.021167383	419.92158
-0.021196168	420.15654
-0.02122486	420.39684
-0.02122486	420.39684
-0.021254206	420.56238
-0.021282336	420.77064
-0.021282336	420.77064
-0.021310467	420.90414
-0.021310467	420.90414
-0.021339065	421.06434
-0.021366822	421.27794
-0.021366822	421.27794
-0.02139514	421.47018
-0.02139514	421.47018
-0.02142243	421.73718
-0.021451589	421.85466
-0.021451589	421.85466
-0.021479813	422.12166
-0.021508411	422.21244
-0.021508411	422.21244
-0.021536636	422.47944
-0.021536636	422.47944
-0.02156486	422.61294
-0.021593271	422.81052
-0.021593271	422.81052
-0.021620935	423.04548
-0.021648505	423.17898
-0.021648505	423.17898
-0.021678037	423.40326
-0.021678037	423.40326
-0.021704673	423.52074
-0.021732804	423.74502
-0.021732804	423.74502
-0.021758785	424.01202
-0.021758785	424.01202
-0.021788878	424.13484
-0.021816729	424.31106
-0.021816729	424.31106
-0.021844206	424.51932
-0.02187	424.51932
-0.02187	424.62612
-0.021898037	424.8771
-0.021898037	424.8771
-0.021926355	425.08536
-0.021953551	425.23488
-0.021953551	425.23488
-0.021979626	425.44848
-0.021979626	425.44848
-0.022006916	425.59266
-0.022032991	425.79024
-0.022032991	425.79024
-0.02205972	425.95578
-0.022086542	426.18006
-0.022086542	426.18006
-0.022112336	426.38832
-0.022112336	426.38832
-0.022138598	426.55386
-0.022164766	426.67134
-0.022164766	426.67134
-0.02219215	426.91164
-0.02219215	426.91164
-0.022216916	427.07184
-0.022244019	427.29612
-0.022244019	427.29612
-0.022270561	427.41894
-0.022270561	427.41894
-0.022294019	427.6539
-0.022320935	427.86216
-0.022320935	427.86216
-0.022348411	427.96896
-0.022374393	428.25198
-0.022374393	428.25198
-0.022399252	428.31072
-0.022399252	428.31072
-0.022425234	428.535
-0.022450187	428.75928
-0.022450187	428.75928
-0.02247757	428.9088
-0.02247757	428.9088
-0.022503364	429.11706
