0.0000E+00	0.0000E+00
1.0000E-06	1.0680E-02
1.0000E-06	1.0680E-02
1.0000E-06	0.0000E+00
1.0000E-06	0.0000E+00
1.0000E-06	0.0000E+00
0.0000E+00	0.0000E+00
0.0000E+00	0.0000E+00
1.0000E-06	0.0000E+00
1.0000E-06	0.0000E+00
1.0000E-06	0.0000E+00
1.0000E-06	0.0000E+00
1.0000E-06	0.0000E+00
2.0000E-06	0.0000E+00
2.0000E-06	0.0000E+00
1.0000E-06	0.0000E+00
1.0000E-06	0.0000E+00
1.0000E-06	0.0000E+00
1.0000E-06	0.0000E+00
1.0000E-06	0.0000E+00
2.0000E-06	0.0000E+00
2.0000E-06	0.0000E+00
2.0000E-06	0.0000E+00
2.0000E-06	0.0000E+00
1.0000E-06	0.0000E+00
1.0000E-06	0.0000E+00
1.0000E-06	0.0000E+00
2.0000E-06	0.0000E+00
2.0000E-06	0.0000E+00
1.0000E-06	0.0000E+00
1.0000E-06	0.0000E+00
3.0000E-06	-1.6020E-02
3.0000E-06	-1.6020E-02
3.0000E-06	0.0000E+00
1.0000E-06	0.0000E+00
1.0000E-06	0.0000E+00
2.0000E-06	-1.6020E-02
2.0000E-06	-1.6020E-02
2.0000E-06	0.0000E+00
2.0000E-06	0.0000E+00
2.0000E-06	0.0000E+00
2.0000E-06	0.0000E+00
2.0000E-06	-1.6020E-02
2.0000E-06	-1.6020E-02
2.0000E-06	-1.6020E-02
3.0000E-06	0.0000E+00
3.0000E-06	0.0000E+00
3.0000E-06	0.0000E+00
2.0000E-06	0.0000E+00
2.0000E-06	0.0000E+00
2.0000E-06	2.0292E-01
2.0000E-06	2.0292E-01
2.0000E-06	2.0292E-01
2.0000E-06	1.7622E-01
-9.0000E-06	1.7622E-01
-9.0000E-06	1.7622E-01
-1.0000E-05	9.6120E-02
-1.0000E-05	9.6120E-02
-9.0000E-06	1.1214E-01
-9.0000E-06	1.1214E-01
-9.0000E-06	1.7622E-01
-9.0000E-06	1.7622E-01
-9.0000E-06	1.7622E-01
-8.0000E-06	1.9224E-01
-8.0000E-06	1.9224E-01
-9.0000E-06	1.6554E-01
-9.0000E-06	1.6554E-01
-9.0000E-06	1.6554E-01
-9.0000E-06	1.6554E-01
-9.0000E-06	1.6554E-01
-8.0000E-06	1.6554E-01
-8.0000E-06	1.6554E-01
-8.0000E-06	2.3496E-01
-9.0000E-06	2.3496E-01
-9.0000E-06	2.3496E-01
-9.0000E-06	2.4564E-01
-9.0000E-06	2.4564E-01
-9.0000E-06	2.6166E-01
-9.0000E-06	2.6166E-01
-9.0000E-06	2.4564E-01
-8.0000E-06	2.4564E-01
-8.0000E-06	2.4564E-01
-8.0000E-06	3.2574E-01
-8.0000E-06	3.2574E-01
-9.0000E-06	3.1506E-01
-9.0000E-06	3.1506E-01
-9.0000E-06	3.1506E-01
-8.0000E-06	3.1506E-01
-8.0000E-06	3.1506E-01
-8.0000E-06	3.1506E-01
-8.0000E-06	3.1506E-01
-8.0000E-06	3.1506E-01
-8.0000E-06	3.1506E-01
-8.0000E-06	3.8448E-01
-8.0000E-06	3.8448E-01
-8.0000E-06	3.8448E-01
-8.0000E-06	3.9516E-01
-8.0000E-06	3.9516E-01
-9.0000E-06	3.8448E-01
-9.0000E-06	3.8448E-01
-9.0000E-06	3.9516E-01
-8.0000E-06	3.9516E-01
-8.0000E-06	3.9516E-01
-9.0000E-06	4.4856E-01
-9.0000E-06	4.4856E-01
-7.0000E-06	5.3400E-01
-7.0000E-06	5.3400E-01
-7.0000E-06	5.3400E-01
-8.0000E-06	5.3400E-01
-8.0000E-06	5.3400E-01
-8.0000E-06	5.1798E-01
-8.0000E-06	5.1798E-01
-7.0000E-06	5.3400E-01
-7.0000E-06	5.3400E-01
-8.0000E-06	5.9808E-01
-8.0000E-06	5.9808E-01
-8.0000E-06	6.4080E-01
-8.0000E-06	6.4080E-01
-8.0000E-06	6.4080E-01
-8.0000E-06	6.1410E-01
-8.0000E-06	6.1410E-01
-7.0000E-06	6.6750E-01
-7.0000E-06	6.6750E-01
-7.0000E-06	6.6750E-01
-9.0000E-06	6.6750E-01
-9.0000E-06	6.6750E-01
-7.0000E-06	7.4760E-01
-7.0000E-06	7.4760E-01
-8.0000E-06	7.7430E-01
-8.0000E-06	7.7430E-01
-8.0000E-06	7.3692E-01
-8.0000E-06	7.3692E-01
-8.0000E-06	7.3692E-01
-7.0000E-06	7.9032E-01
-7.0000E-06	7.9032E-01
-7.0000E-06	8.3304E-01
-7.0000E-06	8.3304E-01
-7.0000E-06	8.3304E-01
-8.0000E-06	8.8644E-01
-8.0000E-06	8.8644E-01
-8.0000E-06	8.8644E-01
-8.0000E-06	8.8644E-01
-8.0000E-06	8.9712E-01
-8.0000E-06	8.9712E-01
-8.0000E-06	8.9712E-01
-7.0000E-06	9.6654E-01
-7.0000E-06	9.6654E-01
-7.0000E-06	1.0360E+00
-7.0000E-06	1.0360E+00
-7.0000E-06	1.1054E+00
-8.0000E-06	1.1054E+00
-8.0000E-06	1.1054E+00
-8.0000E-06	1.1054E+00
-8.0000E-06	1.1054E+00
-8.0000E-06	1.1054E+00
-8.0000E-06	1.1054E+00
-8.0000E-06	1.1695E+00
-9.0000E-06	1.1695E+00
-9.0000E-06	1.1695E+00
-7.0000E-06	1.2549E+00
-7.0000E-06	1.2549E+00
-8.0000E-06	1.2549E+00
-8.0000E-06	1.2549E+00
-8.0000E-06	1.3190E+00
-7.0000E-06	1.3190E+00
-7.0000E-06	1.3190E+00
-8.0000E-06	1.3510E+00
-8.0000E-06	1.3510E+00
-7.0000E-06	1.4685E+00
-7.0000E-06	1.4685E+00
-7.0000E-06	1.5272E+00
-9.0000E-06	1.5272E+00
-9.0000E-06	1.5379E+00
-8.0000E-06	1.5379E+00
-8.0000E-06	1.5379E+00
-8.0000E-06	1.5379E+00
-8.0000E-06	1.5379E+00
-8.0000E-06	1.6768E+00
-9.0000E-06	1.6768E+00
-9.0000E-06	1.6768E+00
-7.0000E-06	1.7569E+00
-7.0000E-06	1.7569E+00
-8.0000E-06	1.7942E+00
-8.0000E-06	1.7942E+00
-8.0000E-06	1.8263E+00
-7.0000E-06	1.8263E+00
-7.0000E-06	1.8263E+00
-8.0000E-06	1.8904E+00
-8.0000E-06	1.8904E+00
-7.0000E-06	2.0399E+00
-7.0000E-06	2.0399E+00
-7.0000E-06	2.1253E+00
-9.0000E-06	2.1253E+00
-9.0000E-06	2.1253E+00
-8.0000E-06	2.1093E+00
-8.0000E-06	2.1093E+00
-8.0000E-06	2.1894E+00
-8.0000E-06	2.1894E+00
-8.0000E-06	2.2588E+00
-8.0000E-06	2.2588E+00
-8.0000E-06	2.2588E+00
-8.0000E-06	2.4083E+00
-8.0000E-06	2.4083E+00
-9.0000E-06	2.4778E+00
-9.0000E-06	2.4778E+00
-9.0000E-06	2.4884E+00
-8.0000E-06	2.4884E+00
-8.0000E-06	2.4884E+00
-8.0000E-06	2.5739E+00
-8.0000E-06	2.5739E+00
-8.0000E-06	2.7341E+00
-8.0000E-06	2.7341E+00
-8.0000E-06	2.7341E+00
-8.0000E-06	2.8462E+00
-8.0000E-06	2.8462E+00
-8.0000E-06	2.8462E+00
-8.0000E-06	2.8462E+00
-8.0000E-06	2.9103E+00
-8.0000E-06	2.9103E+00
-8.0000E-06	2.9103E+00
-8.0000E-06	3.0598E+00
-8.0000E-06	3.0598E+00
-8.0000E-06	3.2254E+00
-8.0000E-06	3.2254E+00
-8.0000E-06	3.3375E+00
-7.0000E-06	3.3375E+00
-7.0000E-06	3.3375E+00
-8.0000E-06	3.3642E+00
-8.0000E-06	3.3642E+00
-9.0000E-06	3.4176E+00
-9.0000E-06	3.4176E+00
-9.0000E-06	3.6472E+00
-8.0000E-06	3.6472E+00
-8.0000E-06	3.6472E+00
-8.0000E-06	3.7861E+00
-8.0000E-06	3.7861E+00
-8.0000E-06	3.8021E+00
-8.0000E-06	3.8021E+00
-8.0000E-06	3.8021E+00
-8.0000E-06	3.8662E+00
-8.0000E-06	3.8662E+00
-9.0000E-06	4.0050E+00
-9.0000E-06	4.0050E+00
-9.0000E-06	4.2079E+00
-8.0000E-06	4.2079E+00
-8.0000E-06	4.2079E+00
-9.0000E-06	4.3040E+00
-9.0000E-06	4.3040E+00
-8.0000E-06	4.2934E+00
-8.0000E-06	4.2934E+00
-8.0000E-06	4.3895E+00
-9.0000E-06	4.3895E+00
-9.0000E-06	4.3895E+00
-9.0000E-06	4.5924E+00
-9.0000E-06	4.5924E+00
-9.0000E-06	4.8113E+00
-9.0000E-06	4.8113E+00
-9.0000E-06	4.8808E+00
-8.0000E-06	4.8808E+00
-8.0000E-06	4.8808E+00
-8.0000E-06	5.0303E+00
-8.0000E-06	5.0303E+00
-9.0000E-06	5.2492E+00
-9.0000E-06	5.2492E+00
-9.0000E-06	5.5322E+00
-8.0000E-06	5.5322E+00
-8.0000E-06	5.5322E+00
-8.0000E-06	5.8206E+00
-8.0000E-06	5.8206E+00
-9.0000E-06	5.8206E+00
-9.0000E-06	5.8206E+00
-9.0000E-06	6.0395E+00
-9.0000E-06	6.0395E+00
-9.0000E-06	6.0395E+00
-9.0000E-06	6.3386E+00
-9.0000E-06	6.3386E+00
-9.0000E-06	6.6964E+00
-9.0000E-06	6.6964E+00
-1.0000E-05	6.6964E+00
-1.0000E-05	6.6964E+00
-1.5000E-05	7.1236E+00
-1.5000E-05	7.1236E+00
-1.5000E-05	7.4279E+00
-1.5000E-05	7.4279E+00
-1.5000E-05	7.5614E+00
-1.6000E-05	7.5614E+00
-1.6000E-05	7.5614E+00
-1.6000E-05	7.7430E+00
-1.6000E-05	7.7430E+00
-1.6000E-05	8.0581E+00
-1.6000E-05	8.0581E+00
-1.6000E-05	8.4959E+00
-1.7000E-05	8.4959E+00
-1.7000E-05	8.4959E+00
-1.7000E-05	8.7149E+00
-1.7000E-05	8.7149E+00
-1.7000E-05	8.8644E+00
-1.7000E-05	8.8644E+00
-1.7000E-05	8.8644E+00
-1.7000E-05	9.1955E+00
-1.7000E-05	9.1955E+00
-1.7000E-05	9.6067E+00
-1.7000E-05	9.6067E+00
-1.7000E-05	1.0114E+01
-1.7000E-05	1.0114E+01
-1.7000E-05	1.0114E+01
-1.9000E-05	1.0173E+01
-1.9000E-05	1.0173E+01
-1.7000E-05	1.0472E+01
-1.7000E-05	1.0472E+01
-1.7000E-05	1.0846E+01
-1.8000E-05	1.0846E+01
-1.8000E-05	1.0846E+01
-1.8000E-05	1.1315E+01
-1.8000E-05	1.1315E+01
-1.8000E-05	1.1631E+01
-1.8000E-05	1.1631E+01
-1.8000E-05	1.1823E+01
-1.7000E-05	1.1823E+01
-1.7000E-05	1.1823E+01
-1.9000E-05	1.2138E+01
-1.9000E-05	1.2138E+01
-1.8000E-05	1.2661E+01
-1.8000E-05	1.2661E+01
-1.8000E-05	1.3104E+01
-1.8000E-05	1.3104E+01
-1.8000E-05	1.3104E+01
-1.8000E-05	1.3393E+01
-1.8000E-05	1.3393E+01
-1.8000E-05	1.3686E+01
-1.9000E-05	1.3686E+01
-1.9000E-05	1.4114E+01
-1.8000E-05	1.4114E+01
-1.8000E-05	1.4114E+01
-1.9000E-05	1.4696E+01
-1.9000E-05	1.4696E+01
-1.9000E-05	1.5069E+01
-1.9000E-05	1.5069E+01
-1.9000E-05	1.5069E+01
-2.0000E-05	1.5401E+01
-2.0000E-05	1.5401E+01
-2.0000E-05	1.5801E+01
-2.0000E-05	1.5801E+01
-2.0000E-05	1.6298E+01
-2.0000E-05	1.6298E+01
-2.0000E-05	1.6298E+01
-1.9000E-05	1.6965E+01
-1.9000E-05	1.6965E+01
-1.9000E-05	1.7200E+01
-1.9000E-05	1.7200E+01
-1.9000E-05	1.7601E+01
-2.0000E-05	1.7601E+01
-2.0000E-05	1.7601E+01
-2.1000E-05	1.8071E+01
-2.1000E-05	1.8071E+01
-2.1000E-05	1.8711E+01
-2.1000E-05	1.8711E+01
-2.1000E-05	1.9224E+01
-2.2000E-05	1.9224E+01
-2.2000E-05	1.9224E+01
-2.2000E-05	1.9587E+01
-2.2000E-05	1.9587E+01
-2.2000E-05	2.0020E+01
-2.2000E-05	2.0020E+01
-2.2000E-05	2.0020E+01
-2.2000E-05	2.0618E+01
-2.2000E-05	2.0618E+01
-2.2000E-05	2.1397E+01
-2.2000E-05	2.1397E+01
-2.2000E-05	2.1691E+01
-2.3000E-05	2.1691E+01
-2.3000E-05	2.1691E+01
-2.4000E-05	2.2150E+01
-2.4000E-05	2.2150E+01
-2.3000E-05	2.2722E+01
-2.3000E-05	2.2722E+01
-2.3000E-05	2.3379E+01
-2.5000E-05	2.3379E+01
-2.5000E-05	2.3379E+01
-2.3000E-05	2.3966E+01
-2.3000E-05	2.3966E+01
-2.4000E-05	2.4398E+01
-2.4000E-05	2.4398E+01
-2.4000E-05	2.4906E+01
-2.5000E-05	2.4906E+01
-2.5000E-05	2.4906E+01
-2.5000E-05	2.5579E+01
-2.5000E-05	2.5579E+01
-2.6000E-05	2.6364E+01
-2.6000E-05	2.6364E+01
-2.6000E-05	2.6796E+01
-2.6000E-05	2.6796E+01
-2.6000E-05	2.6796E+01
-2.6000E-05	2.7261E+01
-2.6000E-05	2.7261E+01
-2.6000E-05	2.7907E+01
-2.6000E-05	2.7907E+01
-2.6000E-05	2.8708E+01
-2.7000E-05	2.8708E+01
-2.7000E-05	2.8708E+01
-2.7000E-05	2.9354E+01
-2.7000E-05	2.9354E+01
-2.8000E-05	2.9803E+01
-2.8000E-05	2.9803E+01
-2.8000E-05	3.0379E+01
-2.8000E-05	3.0379E+01
-2.8000E-05	3.0379E+01
-2.8000E-05	3.1084E+01
-2.8000E-05	3.1084E+01
-2.9000E-05	3.1981E+01
-2.9000E-05	3.1981E+01
-2.9000E-05	3.2446E+01
-3.0000E-05	3.2446E+01
-3.0000E-05	3.2446E+01
-3.0000E-05	3.2937E+01
-3.0000E-05	3.2937E+01
-3.2000E-05	3.3674E+01
-3.2000E-05	3.3674E+01
-3.1000E-05	3.4464E+01
-3.1000E-05	3.4464E+01
-3.1000E-05	3.5196E+01
-3.2000E-05	3.5196E+01
-3.2000E-05	3.5196E+01
-3.1000E-05	3.5703E+01
-3.1000E-05	3.5703E+01
-3.3000E-05	3.6285E+01
-3.3000E-05	3.6285E+01
-3.3000E-05	3.7108E+01
-3.3000E-05	3.7108E+01
-3.3000E-05	3.7108E+01
-3.2000E-05	3.7989E+01
-3.2000E-05	3.7989E+01
-3.3000E-05	3.8549E+01
-3.3000E-05	3.8549E+01
-3.3000E-05	3.9148E+01
-3.4000E-05	3.9148E+01
-3.4000E-05	3.9148E+01
-3.5000E-05	3.9799E+01
-3.5000E-05	3.9799E+01
-3.5000E-05	4.0680E+01
-3.5000E-05	4.0680E+01
-3.5000E-05	4.1625E+01
-3.6000E-05	4.1625E+01
-3.6000E-05	4.1625E+01
-3.7000E-05	4.1972E+01
-3.7000E-05	4.1972E+01
-3.7000E-05	4.2715E+01
-3.7000E-05	4.2715E+01
-3.7000E-05	4.3473E+01
-3.7000E-05	4.3473E+01
-3.7000E-05	4.3473E+01
-3.8000E-05	4.4391E+01
-3.8000E-05	4.4391E+01
-3.9000E-05	4.5086E+01
-3.9000E-05	4.5086E+01
-3.9000E-05	4.5646E+01
-4.0000E-05	4.5646E+01
-4.0000E-05	4.5646E+01
-3.9000E-05	4.6431E+01
-3.9000E-05	4.6431E+01
-3.9000E-05	4.7382E+01
-4.0000E-05	4.7382E+01
-4.0000E-05	4.7382E+01
-4.0000E-05	4.8113E+01
-4.0000E-05	4.8113E+01
-4.1000E-05	4.8728E+01
-4.1000E-05	4.8728E+01
-4.1000E-05	4.9374E+01
-4.2000E-05	4.9374E+01
-4.2000E-05	4.9374E+01
-4.2000E-05	5.0239E+01
-4.2000E-05	5.0239E+01
-4.2000E-05	5.1248E+01
-4.2000E-05	5.1248E+01
-4.2000E-05	5.1825E+01
-4.2000E-05	5.1825E+01
-4.2000E-05	5.1825E+01
-4.3000E-05	5.2546E+01
-4.3000E-05	5.2546E+01
-4.5000E-05	5.3352E+01
-4.5000E-05	5.3352E+01
-4.5000E-05	5.4383E+01
-4.5000E-05	5.4383E+01
-4.5000E-05	5.4383E+01
-4.7000E-05	5.5050E+01
-4.7000E-05	5.5050E+01
-4.6000E-05	5.5702E+01
-4.6000E-05	5.5702E+01
-4.6000E-05	5.6641E+01
-4.7000E-05	5.6641E+01
-4.7000E-05	5.6641E+01
-4.8000E-05	5.7603E+01
-4.8000E-05	5.7603E+01
-4.8000E-05	5.8238E+01
-4.8000E-05	5.8238E+01
-4.8000E-05	5.8970E+01
-5.0000E-05	5.8970E+01
-5.0000E-05	5.8970E+01
-5.0000E-05	5.9797E+01
-5.0000E-05	5.9797E+01
-5.0000E-05	6.0732E+01
-5.0000E-05	6.0732E+01
-5.0000E-05	6.1608E+01
-5.1000E-05	6.1608E+01
-5.1000E-05	6.1608E+01
-5.2000E-05	6.2254E+01
-5.2000E-05	6.2254E+01
-5.2000E-05	6.3129E+01
-5.3000E-05	6.3129E+01
-5.3000E-05	6.3129E+01
-5.2000E-05	6.4021E+01
-5.2000E-05	6.4021E+01
-5.3000E-05	6.5004E+01
-5.3000E-05	6.5004E+01
-5.3000E-05	6.5623E+01
-5.4000E-05	6.5623E+01
-5.4000E-05	6.5623E+01
-5.5000E-05	6.6414E+01
-5.5000E-05	6.6414E+01
-5.5000E-05	6.7444E+01
-5.5000E-05	6.7444E+01
-5.5000E-05	6.8475E+01
-5.6000E-05	6.8475E+01
-5.6000E-05	6.8475E+01
-5.7000E-05	6.9057E+01
-5.7000E-05	6.9057E+01
-5.6000E-05	6.9847E+01
-5.6000E-05	6.9847E+01
-5.6000E-05	7.0792E+01
-5.8000E-05	7.0792E+01
-5.8000E-05	7.0792E+01
-5.8000E-05	7.1882E+01
-5.8000E-05	7.1882E+01
-6.0000E-05	7.2619E+01
-6.0000E-05	7.2619E+01
-6.0000E-05	7.3356E+01
-6.0000E-05	7.3356E+01
-6.0000E-05	7.3356E+01
-6.2000E-05	7.4231E+01
-6.2000E-05	7.4231E+01
-6.2000E-05	7.5326E+01
-6.2000E-05	7.5326E+01
-6.2000E-05	7.5326E+01
-6.2000E-05	7.6196E+01
-6.2000E-05	7.6196E+01
-6.3000E-05	7.7013E+01
-6.3000E-05	7.7013E+01
-6.3000E-05	7.7873E+01
-6.4000E-05	7.7873E+01
-6.4000E-05	7.7873E+01
-6.5000E-05	7.8936E+01
-6.5000E-05	7.8936E+01
-6.5000E-05	7.9988E+01
-6.5000E-05	7.9988E+01
-6.5000E-05	8.0645E+01
-6.6000E-05	8.0645E+01
-6.6000E-05	8.0645E+01
-6.7000E-05	8.1542E+01
-6.7000E-05	8.1542E+01
-6.7000E-05	8.2546E+01
-6.7000E-05	8.2546E+01
-6.7000E-05	8.3635E+01
-6.8000E-05	8.3635E+01
-6.8000E-05	8.3635E+01
-6.9000E-05	8.4441E+01
-6.9000E-05	8.4441E+01
-6.9000E-05	8.5237E+01
-7.0000E-05	8.5237E+01
-7.0000E-05	8.5237E+01
-7.1000E-05	8.6198E+01
-7.1000E-05	8.6198E+01
-7.1000E-05	8.7325E+01
-7.1000E-05	8.7325E+01
-7.1000E-05	8.7325E+01
-7.1000E-05	8.8708E+01
-7.8000E-05	8.8708E+01
-7.8000E-05	8.8708E+01
-7.8000E-05	8.9728E+01
-7.8000E-05	8.9728E+01
-7.9000E-05	9.0465E+01
-7.9000E-05	9.0465E+01
-8.0000E-05	9.2441E+01
-8.0000E-05	9.2441E+01
-8.1000E-05	9.3525E+01
-8.1000E-05	9.3525E+01
-8.1000E-05	9.4401E+01
-8.1000E-05	9.4401E+01
-8.1000E-05	9.5282E+01
-8.3000E-05	9.5282E+01
-8.3000E-05	9.5282E+01
-8.4000E-05	9.6387E+01
-8.4000E-05	9.6387E+01
-8.3000E-05	9.7402E+01
-8.3000E-05	9.7402E+01
-8.3000E-05	9.7402E+01
-8.4000E-05	9.8208E+01
-8.4000E-05	9.8208E+01
-8.5000E-05	9.9217E+01
-8.5000E-05	9.9217E+01
-8.5000E-05	1.0017E+02
-8.6000E-05	1.0017E+02
-8.6000E-05	1.0017E+02
-8.7000E-05	1.0135E+02
-8.7000E-05	1.0135E+02
-8.9000E-05	1.0419E+02
-8.9000E-05	1.0419E+02
-8.9000E-05	1.0535E+02
-8.9000E-05	1.0535E+02
-8.9000E-05	1.0535E+02
-9.0000E-05	1.0616E+02
-9.0000E-05	1.0616E+02
-9.1000E-05	1.0709E+02
-9.1000E-05	1.0709E+02
-9.1000E-05	1.0812E+02
-9.2000E-05	1.0812E+02
-9.2000E-05	1.0812E+02
-9.3000E-05	1.0935E+02
-9.3000E-05	1.0935E+02
-9.3000E-05	1.1024E+02
-9.3000E-05	1.1024E+02
-9.3000E-05	1.1112E+02
-9.5000E-05	1.1112E+02
-9.5000E-05	1.1112E+02
-9.5000E-05	1.1214E+02
-9.5000E-05	1.1214E+02
-9.5000E-05	1.1322E+02
-9.5000E-05	1.1322E+02
-9.5000E-05	1.1439E+02
-9.6000E-05	1.1439E+02
-9.6000E-05	1.1439E+02
-9.6000E-05	1.1526E+02
-9.6000E-05	1.1526E+02
-9.8000E-05	1.1628E+02
-9.8000E-05	1.1628E+02
-9.8000E-05	1.1738E+02
-9.8000E-05	1.1738E+02
-9.8000E-05	1.1738E+02
-9.9000E-05	1.1862E+02
-9.9000E-05	1.1862E+02
-9.9000E-05	1.1944E+02
-1.0000E-04	1.1944E+02
-1.0000E-04	1.1944E+02
-1.0100E-04	1.2045E+02
-1.0100E-04	1.2045E+02
-1.0200E-04	1.2155E+02
-1.0200E-04	1.2155E+02
-1.0200E-04	1.2275E+02
-1.0200E-04	1.2275E+02
-1.0200E-04	1.2275E+02
-1.0300E-04	1.2367E+02
-1.0300E-04	1.2367E+02
-1.0400E-04	1.2462E+02
-1.0400E-04	1.2462E+02
-1.0400E-04	1.2570E+02
-1.0300E-04	1.2570E+02
-1.0300E-04	1.2570E+02
-1.0400E-04	1.2691E+02
-1.0400E-04	1.2691E+02
-1.0400E-04	1.2791E+02
-1.0400E-04	1.2791E+02
-1.0400E-04	1.2892E+02
-1.0600E-04	1.2892E+02
-1.0600E-04	1.2892E+02
-1.0800E-04	1.2994E+02
-1.0800E-04	1.2994E+02
-1.0800E-04	1.3110E+02
-1.0800E-04	1.3110E+02
-1.0800E-04	1.3234E+02
-1.1000E-04	1.3234E+02
-1.1000E-04	1.3234E+02
-1.1000E-04	1.3322E+02
-1.1000E-04	1.3322E+02
-1.1100E-04	1.3431E+02
-1.1100E-04	1.3431E+02
-1.1100E-04	1.3540E+02
-1.1100E-04	1.3540E+02
-1.1100E-04	1.3540E+02
-1.1200E-04	1.3660E+02
-1.1200E-04	1.3766E+02
-1.1300E-04	1.3766E+02
-1.1300E-04	1.3766E+02
-1.1400E-04	1.3863E+02
-1.1400E-04	1.3863E+02
-1.1400E-04	1.3979E+02
-1.1400E-04	1.3979E+02
-1.1400E-04	1.4096E+02
-1.1500E-04	1.4096E+02
-1.1500E-04	1.4096E+02
-1.1600E-04	1.4199E+02
-1.1600E-04	1.4199E+02
-1.1800E-04	1.4313E+02
-1.1800E-04	1.4313E+02
-1.1800E-04	1.4416E+02
-1.1800E-04	1.4416E+02
-1.1800E-04	1.4416E+02
-1.1800E-04	1.4536E+02
-1.1800E-04	1.4536E+02
-1.1800E-04	1.4649E+02
-1.1800E-04	1.4649E+02
-1.1800E-04	1.4753E+02
-1.2000E-04	1.4753E+02
-1.2000E-04	1.4753E+02
-1.2100E-04	1.4868E+02
-1.2100E-04	1.4868E+02
-1.2300E-04	1.4979E+02
-1.2300E-04	1.4979E+02
-1.2300E-04	1.5105E+02
-1.2400E-04	1.5105E+02
-1.2400E-04	1.5105E+02
-1.2500E-04	1.5197E+02
-1.2500E-04	1.5197E+02
-1.2500E-04	1.5308E+02
-1.2500E-04	1.5308E+02
-1.2500E-04	1.5432E+02
-1.2600E-04	1.5432E+02
-1.2600E-04	1.5432E+02
-1.2700E-04	1.5548E+02
-1.2700E-04	1.5548E+02
-1.2700E-04	1.5657E+02
-1.2700E-04	1.5657E+02
-1.2700E-04	1.5657E+02
-1.2900E-04	1.5759E+02
-1.2900E-04	1.5759E+02
-1.2900E-04	1.5877E+02
-1.2900E-04	1.5877E+02
-1.2900E-04	1.6003E+02
-1.3100E-04	1.6003E+02
-1.3100E-04	1.6003E+02
-1.3100E-04	1.6119E+02
-1.3100E-04	1.6119E+02
-1.3200E-04	1.6220E+02
-1.3200E-04	1.6220E+02
-1.3200E-04	1.6329E+02
-1.3500E-04	1.6329E+02
-1.3500E-04	1.6329E+02
-1.3600E-04	1.6454E+02
-1.3600E-04	1.6454E+02
-1.3700E-04	1.6592E+02
-1.3700E-04	1.6592E+02
-1.3700E-04	1.6686E+02
-1.3800E-04	1.6686E+02
-1.3800E-04	1.6686E+02
-1.3800E-04	1.6796E+02
-1.3800E-04	1.6796E+02
-1.4000E-04	1.6915E+02
-1.4000E-04	1.6915E+02
-1.4000E-04	1.7044E+02
-1.4100E-04	1.7044E+02
-1.4100E-04	1.7044E+02
-1.4200E-04	1.7162E+02
-1.4200E-04	1.7162E+02
-1.4300E-04	1.7264E+02
-1.4300E-04	1.7264E+02
-1.4300E-04	1.7380E+02
-1.4400E-04	1.7380E+02
-1.4400E-04	1.7380E+02
-1.4500E-04	1.7503E+02
-1.4500E-04	1.7503E+02
-1.4600E-04	1.7636E+02
-1.4600E-04	1.7636E+02
-1.4600E-04	1.7738E+02
-1.4600E-04	1.7738E+02
-1.4600E-04	1.7738E+02
-1.4900E-04	1.7847E+02
-1.4900E-04	1.7847E+02
-1.4900E-04	1.7972E+02
-1.4900E-04	1.7972E+02
-1.4900E-04	1.7972E+02
-1.5100E-04	1.8102E+02
-1.5100E-04	1.8102E+02
-1.5300E-04	1.8220E+02
-1.5300E-04	1.8220E+02
-1.5300E-04	1.8321E+02
-1.5300E-04	1.8321E+02
-1.5300E-04	1.8438E+02
-1.5500E-04	1.8438E+02
-1.5500E-04	1.8438E+02
-1.5600E-04	1.8570E+02
-1.5600E-04	1.8570E+02
-1.5700E-04	1.8688E+02
-1.5700E-04	1.8688E+02
-1.5700E-04	1.8688E+02
-1.5700E-04	1.8803E+02
-1.5700E-04	1.8803E+02
-1.5900E-04	1.8912E+02
-1.5900E-04	1.8912E+02
-1.5900E-04	1.9028E+02
-1.6200E-04	1.9028E+02
-1.6200E-04	1.9028E+02
-1.6300E-04	1.9167E+02
-1.6300E-04	1.9167E+02
-1.6400E-04	1.9270E+02
-1.6400E-04	1.9270E+02
-1.6400E-04	1.9393E+02
-1.6700E-04	1.9393E+02
-1.6700E-04	1.9393E+02
-1.6700E-04	1.9510E+02
-1.6700E-04	1.9510E+02
-1.6900E-04	1.9642E+02
-1.6900E-04	1.9642E+02
-1.6900E-04	1.9759E+02
-1.6900E-04	1.9759E+02
-1.6900E-04	1.9759E+02
-1.7100E-04	1.9860E+02
-1.7100E-04	1.9860E+02
-1.7200E-04	1.9984E+02
-1.7200E-04	1.9984E+02
-1.7200E-04	2.0109E+02
-1.7400E-04	2.0109E+02
-1.7400E-04	2.0109E+02
-1.7400E-04	2.0226E+02
-1.7400E-04	2.0226E+02
-1.7500E-04	2.0342E+02
-1.7500E-04	2.0342E+02
-1.7500E-04	2.0452E+02
-1.7700E-04	2.0452E+02
-1.7700E-04	2.0452E+02
-1.7900E-04	2.0576E+02
-1.7900E-04	2.0576E+02
-1.8000E-04	2.0701E+02
-1.8000E-04	2.0701E+02
-1.8000E-04	2.0813E+02
-1.8200E-04	2.0813E+02
-1.8200E-04	2.0813E+02
-1.8500E-04	2.0935E+02
-1.8500E-04	2.0935E+02
-1.8700E-04	2.1044E+02
-1.8700E-04	2.1044E+02
-1.8700E-04	2.1175E+02
-1.8800E-04	2.1175E+02
-1.8800E-04	2.1175E+02
-1.9200E-04	2.1278E+02
-1.9200E-04	2.1278E+02
-1.9200E-04	2.1387E+02
-1.9500E-04	2.1387E+02
-1.9500E-04	2.1387E+02
-1.9800E-04	2.1505E+02
-1.9800E-04	2.1505E+02
-2.0200E-04	2.1617E+02
-2.0200E-04	2.1617E+02
-2.0200E-04	2.1723E+02
-2.0700E-04	2.1723E+02
-2.0700E-04	2.1723E+02
-2.1200E-04	2.1817E+02
-2.1200E-04	2.1817E+02
-2.1700E-04	2.1912E+02
-2.1700E-04	2.1912E+02
-2.1700E-04	2.2022E+02
-2.2400E-04	2.2022E+02
-2.2400E-04	2.2022E+02
-2.2800E-04	2.2123E+02
-2.2800E-04	2.2123E+02
-2.3300E-04	2.2212E+02
-2.3300E-04	2.2212E+02
-2.3300E-04	2.2299E+02
-2.4000E-04	2.2299E+02
-2.4000E-04	2.2299E+02
-2.4500E-04	2.2392E+02
-2.4500E-04	2.2392E+02
-2.5100E-04	2.2504E+02
-2.5100E-04	2.2504E+02
-2.5100E-04	2.2584E+02
-2.5800E-04	2.2584E+02
-2.5800E-04	2.2584E+02
-2.6400E-04	2.2672E+02
-2.6400E-04	2.2672E+02
-2.6900E-04	2.2767E+02
-2.6900E-04	2.2767E+02
-2.6900E-04	2.2867E+02
-2.7400E-04	2.2867E+02
-2.7400E-04	2.2867E+02
-2.8100E-04	2.2956E+02
-2.8100E-04	2.2956E+02
-2.8100E-04	2.3037E+02
-2.8800E-04	2.3037E+02
-2.8800E-04	2.3037E+02
-2.9500E-04	2.3127E+02
-2.9500E-04	2.3127E+02
-3.0200E-04	2.3218E+02
-3.0200E-04	2.3218E+02
-3.0200E-04	2.3321E+02
-3.0900E-04	2.3321E+02
-3.0900E-04	2.3321E+02
-3.1600E-04	2.3401E+02
-3.1600E-04	2.3401E+02
-3.2400E-04	2.3481E+02
-3.2400E-04	2.3481E+02
-3.2400E-04	2.3569E+02
-3.3300E-04	2.3569E+02
-3.3300E-04	2.3569E+02
-3.4100E-04	2.3670E+02
-3.4100E-04	2.3670E+02
-3.4800E-04	2.3744E+02
-3.4800E-04	2.3744E+02
-3.4800E-04	2.3823E+02
-3.5800E-04	2.3823E+02
-3.5800E-04	2.3823E+02
-3.6500E-04	2.3910E+02
-3.6500E-04	2.3910E+02
-3.7300E-04	2.4011E+02
-3.7300E-04	2.4011E+02
-3.7300E-04	2.4088E+02
-3.8200E-04	2.4088E+02
-3.8200E-04	2.4088E+02
-3.9200E-04	2.4174E+02
-3.9200E-04	2.4174E+02
-4.0200E-04	2.4260E+02
-4.0200E-04	2.4260E+02
-4.0200E-04	2.4350E+02
-4.1100E-04	2.4350E+02
-4.1100E-04	2.4350E+02
-4.2200E-04	2.4436E+02
-4.2200E-04	2.4436E+02
-4.3200E-04	2.4511E+02
-4.3200E-04	2.4511E+02
-4.3200E-04	2.4590E+02
-4.4300E-04	2.4590E+02
-4.4300E-04	2.4590E+02
-4.5200E-04	2.4676E+02
-4.5200E-04	2.4676E+02
-4.6200E-04	2.4764E+02
-4.6200E-04	2.4764E+02
-4.6200E-04	2.4840E+02
-4.7400E-04	2.4840E+02
-4.7400E-04	2.4840E+02
-4.8600E-04	2.4911E+02
-4.8600E-04	2.4911E+02
-4.8600E-04	2.4998E+02
-4.9800E-04	2.4998E+02
-4.9800E-04	2.4998E+02
-5.1000E-04	2.5086E+02
-5.1000E-04	2.5086E+02
-5.2200E-04	2.5159E+02
-5.2200E-04	2.5159E+02
-5.2200E-04	2.5241E+02
-5.3600E-04	2.5241E+02
-5.3600E-04	2.5241E+02
-5.4900E-04	2.5311E+02
-5.4900E-04	2.5311E+02
-5.6100E-04	2.5402E+02
-5.6100E-04	2.5402E+02
-5.6100E-04	2.5474E+02
-5.6800E-04	2.5474E+02
-5.6800E-04	2.5474E+02
-5.8000E-04	2.5538E+02
-5.8000E-04	2.5538E+02
-5.9300E-04	2.5627E+02
-5.9300E-04	2.5627E+02
-5.9300E-04	2.5699E+02
-6.0600E-04	2.5699E+02
-6.0600E-04	2.5699E+02
-6.2000E-04	2.5780E+02
-6.2000E-04	2.5780E+02
-6.3400E-04	2.5845E+02
-6.3400E-04	2.5845E+02
-6.3400E-04	2.5918E+02
-6.4700E-04	2.5918E+02
-6.4700E-04	2.5918E+02
-6.5900E-04	2.5998E+02
-6.5900E-04	2.5998E+02
-6.7300E-04	2.6079E+02
-6.7300E-04	2.6079E+02
-6.7300E-04	2.6144E+02
-6.8700E-04	2.6144E+02
-6.8700E-04	2.6144E+02
-6.9900E-04	2.6210E+02
-6.9900E-04	2.6210E+02
-7.1100E-04	2.6283E+02
-7.1100E-04	2.6283E+02
-7.1100E-04	2.6372E+02
-7.2300E-04	2.6372E+02
-7.2300E-04	2.6372E+02
-7.3700E-04	2.6429E+02
-7.3700E-04	2.6429E+02
-7.3700E-04	2.6500E+02
-7.5100E-04	2.6500E+02
-7.5100E-04	2.6500E+02
-7.6400E-04	2.6568E+02
-7.6400E-04	2.6568E+02
-7.7400E-04	2.6647E+02
-7.7400E-04	2.6647E+02
-7.7400E-04	2.6713E+02
-7.8700E-04	2.6713E+02
-7.8700E-04	2.6713E+02
-8.0300E-04	2.6780E+02
-8.0300E-04	2.6780E+02
-8.2500E-04	2.6844E+02
-8.2500E-04	2.6844E+02
-8.2500E-04	2.6918E+02
-8.4000E-04	2.6918E+02
-8.4000E-04	2.6918E+02
-8.5600E-04	2.6994E+02
-8.5600E-04	2.6994E+02
-8.7100E-04	2.7049E+02
-8.7100E-04	2.7049E+02
-8.7100E-04	2.7116E+02
-8.8900E-04	2.7116E+02
-8.8900E-04	2.7116E+02
-9.0500E-04	2.7179E+02
-9.0500E-04	2.7179E+02
-9.2300E-04	2.7260E+02
-9.2300E-04	2.7260E+02
-9.2300E-04	2.7319E+02
-9.4000E-04	2.7319E+02
-9.4000E-04	2.7319E+02
-9.5800E-04	2.7378E+02
-9.5800E-04	2.7378E+02
-9.7400E-04	2.7443E+02
-9.7400E-04	2.7443E+02
-9.7400E-04	2.7443E+02
-9.9200E-04	2.7518E+02
-9.9200E-04	2.7518E+02
-1.0100E-03	2.7571E+02
-1.0100E-03	2.7571E+02
-1.0100E-03	2.7633E+02
-1.0270E-03	2.7633E+02
-1.0270E-03	2.7633E+02
-1.0490E-03	2.7691E+02
-1.0490E-03	2.7691E+02
-1.0670E-03	2.7756E+02
-1.0670E-03	2.7756E+02
-1.0880E-03	2.7821E+02
-1.0880E-03	2.7821E+02
-1.0880E-03	2.7821E+02
-1.1080E-03	2.7872E+02
-1.1080E-03	2.7872E+02
-1.1280E-03	2.7932E+02
-1.1280E-03	2.7932E+02
-1.1280E-03	2.7997E+02
-1.1480E-03	2.7997E+02
-1.1480E-03	2.7997E+02
-1.1700E-03	2.8064E+02
-1.1700E-03	2.8064E+02
-1.1900E-03	2.8120E+02
-1.1900E-03	2.8120E+02
-1.1900E-03	2.8165E+02
-1.2080E-03	2.8165E+02
-1.2080E-03	2.8165E+02
-1.2280E-03	2.8233E+02
-1.2280E-03	2.8233E+02
-1.2340E-03	2.8297E+02
-1.2340E-03	2.8297E+02
-1.2340E-03	2.8340E+02
-1.2540E-03	2.8340E+02
-1.2540E-03	2.8340E+02
-1.2730E-03	2.8403E+02
-1.2730E-03	2.8403E+02
-1.2910E-03	2.8456E+02
-1.2910E-03	2.8456E+02
-1.2910E-03	2.8524E+02
-1.3100E-03	2.8524E+02
-1.3100E-03	2.8524E+02
-1.3290E-03	2.8566E+02
-1.3290E-03	2.8566E+02
-1.3290E-03	2.8619E+02
-1.3480E-03	2.8619E+02
-1.3480E-03	2.8676E+02
-1.3690E-03	2.8676E+02
-1.3690E-03	2.8676E+02
-1.3870E-03	2.8729E+02
-1.3870E-03	2.8729E+02
-1.4070E-03	2.8786E+02
-1.4070E-03	2.8786E+02
-1.4070E-03	2.8786E+02
-1.4270E-03	2.8830E+02
-1.4270E-03	2.8830E+02
-1.4490E-03	2.8881E+02
-1.4490E-03	2.8881E+02
-1.4490E-03	2.8947E+02
-1.4680E-03	2.8947E+02
-1.4680E-03	2.8947E+02
-1.5020E-03	2.8999E+02
-1.5020E-03	2.8999E+02
-1.5250E-03	2.9042E+02
-1.5250E-03	2.9042E+02
-1.5250E-03	2.9091E+02
-1.5500E-03	2.9091E+02
-1.5500E-03	2.9091E+02
-1.5750E-03	2.9144E+02
-1.5750E-03	2.9144E+02
-1.5990E-03	2.9203E+02
-1.5990E-03	2.9203E+02
-1.5990E-03	2.9245E+02
-1.6240E-03	2.9245E+02
-1.6240E-03	2.9245E+02
-1.6500E-03	2.9289E+02
-1.6500E-03	2.9289E+02
-1.6720E-03	2.9341E+02
-1.6720E-03	2.9341E+02
-1.6720E-03	2.9398E+02
-1.6960E-03	2.9398E+02
-1.6960E-03	2.9398E+02
-1.7200E-03	2.9446E+02
-1.7200E-03	2.9446E+02
-1.7440E-03	2.9486E+02
-1.7440E-03	2.9486E+02
-1.7440E-03	2.9536E+02
-1.7680E-03	2.9536E+02
-1.7680E-03	2.9536E+02
-1.7900E-03	2.9584E+02
-1.7900E-03	2.9584E+02
-1.8130E-03	2.9639E+02
-1.8130E-03	2.9639E+02
-1.8130E-03	2.9678E+02
-1.8360E-03	2.9678E+02
-1.8360E-03	2.9678E+02
-1.8570E-03	2.9721E+02
-1.8570E-03	2.9721E+02
-1.8570E-03	2.9772E+02
-1.8790E-03	2.9772E+02
-1.8790E-03	2.9772E+02
-1.8990E-03	2.9821E+02
-1.8990E-03	2.9821E+02
-1.9210E-03	2.9867E+02
-1.9210E-03	2.9867E+02
-1.9210E-03	2.9908E+02
-1.9440E-03	2.9908E+02
-1.9440E-03	2.9908E+02
-1.9660E-03	2.9952E+02
-1.9660E-03	2.9952E+02
-1.9860E-03	3.0004E+02
-1.9860E-03	3.0004E+02
-1.9860E-03	3.0047E+02
-2.0100E-03	3.0047E+02
-2.0100E-03	3.0047E+02
-2.0350E-03	3.0091E+02
-2.0350E-03	3.0091E+02
-2.0570E-03	3.0128E+02
-2.0570E-03	3.0128E+02
-2.0570E-03	3.0170E+02
-2.0810E-03	3.0170E+02
-2.0810E-03	3.0170E+02
-2.1040E-03	3.0224E+02
-2.1040E-03	3.0224E+02
-2.1290E-03	3.0260E+02
-2.1290E-03	3.0260E+02
-2.1290E-03	3.0304E+02
-2.1530E-03	3.0304E+02
-2.1530E-03	3.0304E+02
-2.1770E-03	3.0346E+02
-2.1770E-03	3.0346E+02
-2.1770E-03	3.0393E+02
-2.1770E-03	3.0393E+02
-2.2010E-03	3.0393E+02
-2.2010E-03	3.0393E+02
-2.2300E-03	3.0448E+02
-2.2300E-03	3.0448E+02
-2.2530E-03	3.0487E+02
-2.2530E-03	3.0487E+02
-2.2530E-03	3.0526E+02
-2.2790E-03	3.0526E+02
-2.2790E-03	3.0526E+02
-2.3050E-03	3.0563E+02
-2.3050E-03	3.0563E+02
-2.3300E-03	3.0615E+02
-2.3300E-03	3.0615E+02
-2.3300E-03	3.0656E+02
-2.3540E-03	3.0656E+02
-2.3540E-03	3.0656E+02
-2.3770E-03	3.0686E+02
-2.3770E-03	3.0686E+02
-2.4000E-03	3.0731E+02
-2.4000E-03	3.0731E+02
-2.4000E-03	3.0777E+02
-2.4240E-03	3.0777E+02
-2.4240E-03	3.0777E+02
-2.4460E-03	3.0820E+02
-2.4460E-03	3.0820E+02
-2.4460E-03	3.0850E+02
-2.4690E-03	3.0850E+02
-2.4690E-03	3.0850E+02
-2.4920E-03	3.0887E+02
-2.4920E-03	3.0887E+02
-2.5160E-03	3.0936E+02
-2.5160E-03	3.0936E+02
-2.5440E-03	3.0980E+02
-2.5440E-03	3.0980E+02
-2.5440E-03	3.0980E+02
-2.5700E-03	3.1007E+02
-2.5700E-03	3.1007E+02
-2.5950E-03	3.1047E+02
-2.5950E-03	3.1047E+02
-2.5950E-03	3.1075E+02
-2.6180E-03	3.1075E+02
-2.6180E-03	3.1075E+02
-2.6370E-03	3.1125E+02
-2.6370E-03	3.1125E+02
-2.6570E-03	3.1162E+02
-2.6570E-03	3.1162E+02
-2.6570E-03	3.1199E+02
-2.6810E-03	3.1199E+02
-2.6810E-03	3.1199E+02
-2.7040E-03	3.1233E+02
-2.7040E-03	3.1233E+02
-2.7270E-03	3.1278E+02
-2.7270E-03	3.1278E+02
-2.7270E-03	3.1320E+02
-2.7500E-03	3.1320E+02
-2.7500E-03	3.1320E+02
-2.7700E-03	3.1344E+02
-2.7700E-03	3.1344E+02
-2.7700E-03	3.1389E+02
-2.7930E-03	3.1389E+02
-2.7930E-03	3.1389E+02
-2.8150E-03	3.1428E+02
-2.8150E-03	3.1428E+02
-2.8370E-03	3.1467E+02
-2.8370E-03	3.1467E+02
-2.8370E-03	3.1497E+02
-2.8580E-03	3.1497E+02
-2.8580E-03	3.1497E+02
-2.8800E-03	3.1533E+02
-2.8800E-03	3.1533E+02
-2.9030E-03	3.1570E+02
-2.9030E-03	3.1570E+02
-2.9030E-03	3.1613E+02
-2.9240E-03	3.1613E+02
-2.9240E-03	3.1613E+02
-2.9470E-03	3.1643E+02
-2.9470E-03	3.1643E+02
-2.9700E-03	3.1673E+02
-2.9700E-03	3.1673E+02
-2.9700E-03	3.1708E+02
-2.9940E-03	3.1708E+02
-2.9940E-03	3.1708E+02
-3.0180E-03	3.1751E+02
-3.0180E-03	3.1751E+02
-3.0410E-03	3.1783E+02
-3.0410E-03	3.1783E+02
-3.0410E-03	3.1819E+02
-3.0670E-03	3.1819E+02
-3.0670E-03	3.1819E+02
-3.0890E-03	3.1849E+02
-3.0890E-03	3.1849E+02
-3.0890E-03	3.1886E+02
-3.1120E-03	3.1886E+02
-3.1120E-03	3.1886E+02
-3.1370E-03	3.1928E+02
-3.1370E-03	3.1928E+02
-3.1590E-03	3.1950E+02
-3.1590E-03	3.1950E+02
-3.1590E-03	3.1988E+02
-3.1830E-03	3.1988E+02
-3.1830E-03	3.1988E+02
-3.2050E-03	3.2024E+02
-3.2050E-03	3.2024E+02
-3.2300E-03	3.2061E+02
-3.2300E-03	3.2061E+02
-3.2300E-03	3.2090E+02
-3.2550E-03	3.2090E+02
-3.2550E-03	3.2090E+02
-3.2760E-03	3.2118E+02
-3.2760E-03	3.2118E+02
-3.2990E-03	3.2155E+02
-3.2990E-03	3.2155E+02
-3.2990E-03	3.2191E+02
-3.3210E-03	3.2191E+02
-3.3210E-03	3.2191E+02
-3.3440E-03	3.2219E+02
-3.3440E-03	3.2219E+02
-3.3660E-03	3.2257E+02
-3.3660E-03	3.2257E+02
-3.3660E-03	3.2286E+02
-3.3890E-03	3.2286E+02
-3.3890E-03	3.2286E+02
-3.4110E-03	3.2321E+02
-3.4110E-03	3.2321E+02
-3.4360E-03	3.2352E+02
-3.4360E-03	3.2352E+02
-3.4360E-03	3.2352E+02
-3.4600E-03	3.2381E+02
-3.4600E-03	3.2381E+02
-3.4840E-03	3.2419E+02
-3.4840E-03	3.2419E+02
-3.4840E-03	3.2447E+02
-3.5080E-03	3.2447E+02
-3.5080E-03	3.2447E+02
-3.5340E-03	3.2481E+02
-3.5340E-03	3.2481E+02
-3.5570E-03	3.2505E+02
-3.5570E-03	3.2505E+02
-3.5570E-03	3.2533E+02
-3.5790E-03	3.2533E+02
-3.5790E-03	3.2533E+02
-3.6040E-03	3.2577E+02
-3.6040E-03	3.2577E+02
-3.6260E-03	3.2608E+02
-3.6260E-03	3.2608E+02
-3.6260E-03	3.2628E+02
-3.6500E-03	3.2628E+02
-3.6500E-03	3.2628E+02
-3.6720E-03	3.2657E+02
-3.6720E-03	3.2657E+02
-3.6970E-03	3.2687E+02
-3.6970E-03	3.2687E+02
-3.6970E-03	3.2730E+02
-3.7170E-03	3.2730E+02
-3.7170E-03	3.2730E+02
-3.7410E-03	3.2753E+02
-3.7410E-03	3.2753E+02
-3.7650E-03	3.2782E+02
-3.7650E-03	3.2782E+02
-3.7650E-03	3.2812E+02
-3.7890E-03	3.2812E+02
-3.7890E-03	3.2812E+02
-3.8120E-03	3.2848E+02
-3.8120E-03	3.2848E+02
-3.8120E-03	3.2876E+02
-3.8370E-03	3.2876E+02
-3.8370E-03	3.2876E+02
-3.8600E-03	3.2899E+02
-3.8600E-03	3.2899E+02
-3.8800E-03	3.2933E+02
-3.8800E-03	3.2933E+02
-3.9060E-03	3.2963E+02
-3.9060E-03	3.2963E+02
-3.9060E-03	3.2963E+02
-3.9310E-03	3.3001E+02
-3.9310E-03	3.3001E+02
-3.9550E-03	3.3023E+02
-3.9550E-03	3.3023E+02
-3.9550E-03	3.3046E+02
-3.9790E-03	3.3046E+02
-3.9790E-03	3.3046E+02
-4.0010E-03	3.3080E+02
-4.0010E-03	3.3080E+02
-4.0260E-03	3.3116E+02
-4.0260E-03	3.3116E+02
-4.0260E-03	3.3139E+02
-4.0510E-03	3.3139E+02
-4.0510E-03	3.3139E+02
-4.0750E-03	3.3162E+02
-4.0750E-03	3.3162E+02
-4.0980E-03	3.3190E+02
-4.0980E-03	3.3190E+02
-4.0980E-03	3.3227E+02
-4.1220E-03	3.3227E+02
-4.1220E-03	3.3227E+02
-4.1440E-03	3.3255E+02
-4.1440E-03	3.3255E+02
-4.1700E-03	3.3282E+02
-4.1700E-03	3.3282E+02
-4.1700E-03	3.3314E+02
-4.1920E-03	3.3314E+02
-4.1920E-03	3.3314E+02
-4.2160E-03	3.3342E+02
-4.2160E-03	3.3342E+02
-4.2160E-03	3.3371E+02
-4.2430E-03	3.3371E+02
-4.2430E-03	3.3371E+02
-4.2670E-03	3.3392E+02
-4.2670E-03	3.3392E+02
-4.2910E-03	3.3424E+02
-4.2910E-03	3.3424E+02
-4.3140E-03	3.3453E+02
-4.3140E-03	3.3453E+02
-4.3140E-03	3.3481E+02
-4.3390E-03	3.3481E+02
-4.3390E-03	3.3481E+02
-4.3630E-03	3.3502E+02
-4.3630E-03	3.3502E+02
-4.3630E-03	3.3525E+02
-4.3850E-03	3.3525E+02
-4.3850E-03	3.3525E+02
-4.4080E-03	3.3561E+02
-4.4080E-03	3.3561E+02
-4.4310E-03	3.3598E+02
-4.4310E-03	3.3598E+02
-4.4310E-03	3.3613E+02
-4.4560E-03	3.3613E+02
-4.4560E-03	3.3613E+02
-4.4800E-03	3.3641E+02
-4.4800E-03	3.3641E+02
-4.5010E-03	3.3671E+02
-4.5010E-03	3.3671E+02
-4.5010E-03	3.3709E+02
-4.5240E-03	3.3709E+02
-4.5240E-03	3.3709E+02
-4.5470E-03	3.3723E+02
-4.5470E-03	3.3723E+02
-4.5710E-03	3.3743E+02
-4.5710E-03	3.3743E+02
-4.5710E-03	3.3782E+02
-4.5960E-03	3.3782E+02
-4.5960E-03	3.3782E+02
-4.6200E-03	3.3810E+02
-4.6200E-03	3.3810E+02
-4.6200E-03	3.3833E+02
-4.6430E-03	3.3833E+02
-4.6430E-03	3.3833E+02
-4.6670E-03	3.3852E+02
-4.6670E-03	3.3852E+02
-4.6920E-03	3.3877E+02
-4.6920E-03	3.3877E+02
-4.6920E-03	3.3912E+02
-4.7150E-03	3.3912E+02
-4.7150E-03	3.3942E+02
-4.7380E-03	3.3942E+02
-4.7380E-03	3.3942E+02
-4.7650E-03	3.3960E+02
-4.7650E-03	3.3960E+02
-4.7650E-03	3.3986E+02
-4.7890E-03	3.3986E+02
-4.7890E-03	3.3986E+02
-4.8150E-03	3.4015E+02
-4.8150E-03	3.4015E+02
-4.8400E-03	3.4051E+02
-4.8400E-03	3.4051E+02
-4.8400E-03	3.4067E+02
-4.8670E-03	3.4067E+02
-4.8670E-03	3.4067E+02
-4.8920E-03	3.4086E+02
-4.8920E-03	3.4086E+02
-4.9220E-03	3.4115E+02
-4.9220E-03	3.4115E+02
-4.9220E-03	3.4147E+02
-4.9480E-03	3.4147E+02
-4.9480E-03	3.4147E+02
-4.9730E-03	3.4168E+02
-4.9730E-03	3.4168E+02
-5.0000E-03	3.4189E+02
-5.0000E-03	3.4189E+02
-5.0000E-03	3.4189E+02
-5.0220E-03	3.4218E+02
-5.0220E-03	3.4218E+02
-5.0480E-03	3.4246E+02
-5.0480E-03	3.4246E+02
-5.0480E-03	3.4270E+02
-5.0760E-03	3.4270E+02
-5.0760E-03	3.4270E+02
-5.1000E-03	3.4291E+02
-5.1000E-03	3.4291E+02
-5.1250E-03	3.4314E+02
-5.1250E-03	3.4314E+02
-5.1250E-03	3.4347E+02
-5.1500E-03	3.4347E+02
-5.1500E-03	3.4373E+02
-5.1750E-03	3.4373E+02
-5.1750E-03	3.4373E+02
-5.2020E-03	3.4393E+02
-5.2020E-03	3.4393E+02
-5.2020E-03	3.4416E+02
-5.2280E-03	3.4416E+02
-5.2280E-03	3.4416E+02
-5.2520E-03	3.4444E+02
-5.2520E-03	3.4444E+02
-5.2730E-03	3.4472E+02
-5.2730E-03	3.4472E+02
-5.2730E-03	3.4489E+02
-5.3010E-03	3.4489E+02
-5.3010E-03	3.4489E+02
-5.3280E-03	3.4516E+02
-5.3280E-03	3.4516E+02
-5.3560E-03	3.4545E+02
-5.3560E-03	3.4545E+02
-5.3560E-03	3.4568E+02
-5.3780E-03	3.4568E+02
-5.3780E-03	3.4568E+02
-5.4040E-03	3.4591E+02
-5.4040E-03	3.4591E+02
-5.4310E-03	3.4613E+02
-5.4310E-03	3.4613E+02
-5.4310E-03	3.4642E+02
-5.4560E-03	3.4642E+02
-5.4560E-03	3.4642E+02
-5.4820E-03	3.4670E+02
-5.4820E-03	3.4670E+02
-5.5070E-03	3.4684E+02
-5.5070E-03	3.4684E+02
-5.5070E-03	3.4707E+02
-5.5340E-03	3.4707E+02
-5.5340E-03	3.4707E+02
-5.5590E-03	3.4730E+02
-5.5590E-03	3.4730E+02
-5.5830E-03	3.4757E+02
-5.5830E-03	3.4757E+02
-5.5830E-03	3.4780E+02
-5.6100E-03	3.4780E+02
-5.6100E-03	3.4780E+02
-5.6360E-03	3.4793E+02
-5.6360E-03	3.4793E+02
-5.6360E-03	3.4828E+02
-5.6630E-03	3.4828E+02
-5.6630E-03	3.4828E+02
-5.6880E-03	3.4853E+02
-5.6880E-03	3.4853E+02
-5.7140E-03	3.4872E+02
-5.7140E-03	3.4872E+02
-5.7140E-03	3.4890E+02
-5.7400E-03	3.4890E+02
-5.7400E-03	3.4890E+02
-5.7670E-03	3.4909E+02
-5.7670E-03	3.4909E+02
-5.7930E-03	3.4948E+02
-5.7930E-03	3.4948E+02
-5.7930E-03	3.4965E+02
-5.8200E-03	3.4965E+02
-5.8200E-03	3.4965E+02
-5.8450E-03	3.4984E+02
-5.8450E-03	3.4984E+02
-5.8720E-03	3.5006E+02
-5.8720E-03	3.5006E+02
-5.8720E-03	3.5026E+02
-5.8960E-03	3.5026E+02
-5.8960E-03	3.5026E+02
-5.9240E-03	3.5065E+02
-5.9240E-03	3.5065E+02
-5.9480E-03	3.5078E+02
-5.9480E-03	3.5078E+02
-5.9480E-03	3.5093E+02
-5.9760E-03	3.5093E+02
-5.9760E-03	3.5093E+02
-5.9990E-03	3.5119E+02
-5.9990E-03	3.5119E+02
-6.0280E-03	3.5147E+02
-6.0280E-03	3.5147E+02
-6.0280E-03	3.5171E+02
-6.0530E-03	3.5171E+02
-6.0530E-03	3.5171E+02
-6.0790E-03	3.5188E+02
-6.0790E-03	3.5188E+02
-6.1080E-03	3.5209E+02
-6.1080E-03	3.5209E+02
-6.1080E-03	3.5209E+02
-6.1330E-03	3.5238E+02
-6.1330E-03	3.5238E+02
-6.1610E-03	3.5262E+02
-6.1610E-03	3.5262E+02
-6.1610E-03	3.5275E+02
-6.1860E-03	3.5275E+02
-6.1860E-03	3.5275E+02
-6.2120E-03	3.5298E+02
-6.2120E-03	3.5298E+02
-6.2400E-03	3.5327E+02
-6.2400E-03	3.5327E+02
-6.2400E-03	3.5349E+02
-6.2650E-03	3.5349E+02
-6.2650E-03	3.5349E+02
-6.2920E-03	3.5366E+02
-6.2920E-03	3.5366E+02
-6.3190E-03	3.5386E+02
-6.3190E-03	3.5386E+02
-6.3190E-03	3.5407E+02
-6.3480E-03	3.5407E+02
-6.3480E-03	3.5407E+02
-6.3770E-03	3.5439E+02
-6.3770E-03	3.5439E+02
-6.4050E-03	3.5451E+02
-6.4050E-03	3.5451E+02
-6.4050E-03	3.5473E+02
-6.4310E-03	3.5473E+02
-6.4310E-03	3.5473E+02
-6.4560E-03	3.5494E+02
-6.4560E-03	3.5494E+02
-6.4820E-03	3.5525E+02
-6.4820E-03	3.5525E+02
-6.4820E-03	3.5546E+02
-6.5080E-03	3.5546E+02
-6.5080E-03	3.5546E+02
-6.5320E-03	3.5554E+02
-6.5320E-03	3.5554E+02
-6.5580E-03	3.5581E+02
-6.5580E-03	3.5581E+02
-6.5580E-03	3.5581E+02
-6.5860E-03	3.5610E+02
-6.5860E-03	3.5610E+02
-6.6130E-03	3.5618E+02
-6.6130E-03	3.5618E+02
-6.6390E-03	3.5647E+02
-6.6390E-03	3.5647E+02
-6.6390E-03	3.5663E+02
-6.6650E-03	3.5663E+02
-6.6650E-03	3.5663E+02
-6.6920E-03	3.5691E+02
-6.6920E-03	3.5691E+02
-6.7170E-03	3.5714E+02
-6.7170E-03	3.5714E+02
-6.7170E-03	3.5714E+02
-6.7430E-03	3.5722E+02
-6.7430E-03	3.5722E+02
-6.7700E-03	3.5751E+02
-6.7700E-03	3.5751E+02
-6.7700E-03	3.5772E+02
-6.7950E-03	3.5772E+02
-6.7950E-03	3.5772E+02
-6.8220E-03	3.5793E+02
-6.8220E-03	3.5793E+02
-6.8480E-03	3.5809E+02
-6.8480E-03	3.5809E+02
-6.8480E-03	3.5829E+02
-6.8760E-03	3.5829E+02
-6.8760E-03	3.5829E+02
-6.9010E-03	3.5860E+02
-6.9010E-03	3.5860E+02
-6.9280E-03	3.5881E+02
-6.9280E-03	3.5881E+02
-6.9280E-03	3.5895E+02
-6.9550E-03	3.5895E+02
-6.9550E-03	3.5895E+02
-6.9830E-03	3.5910E+02
-6.9830E-03	3.5910E+02
-7.0060E-03	3.5933E+02
-7.0060E-03	3.5933E+02
-7.0060E-03	3.5961E+02
-7.0330E-03	3.5961E+02
-7.0330E-03	3.5961E+02
-7.0610E-03	3.5969E+02
-7.0610E-03	3.5969E+02
-7.0880E-03	3.5990E+02
-7.0880E-03	3.5990E+02
-7.0880E-03	3.6011E+02
-7.1130E-03	3.6011E+02
-7.1130E-03	3.6011E+02
-7.1410E-03	3.6035E+02
-7.1410E-03	3.6035E+02
-7.1660E-03	3.6062E+02
-7.1660E-03	3.6062E+02
-7.1660E-03	3.6072E+02
-7.1930E-03	3.6072E+02
-7.1930E-03	3.6072E+02
-7.2180E-03	3.6091E+02
-7.2180E-03	3.6091E+02
-7.2440E-03	3.6122E+02
-7.2440E-03	3.6122E+02
-7.2440E-03	3.6122E+02
-7.2710E-03	3.6144E+02
-7.2710E-03	3.6144E+02
-7.2980E-03	3.6158E+02
-7.2980E-03	3.6158E+02
-7.2980E-03	3.6173E+02
-7.3250E-03	3.6173E+02
-7.3250E-03	3.6173E+02
-7.3510E-03	3.6203E+02
-7.3510E-03	3.6203E+02
-7.3770E-03	3.6216E+02
-7.3770E-03	3.6216E+02
-7.3770E-03	3.6237E+02
-7.4040E-03	3.6237E+02
-7.4040E-03	3.6237E+02
-7.4310E-03	3.6253E+02
-7.4310E-03	3.6253E+02
-7.4560E-03	3.6275E+02
-7.4560E-03	3.6275E+02
-7.4560E-03	3.6294E+02
-7.4810E-03	3.6294E+02
-7.4810E-03	3.6294E+02
-7.5100E-03	3.6310E+02
-7.5100E-03	3.6310E+02
-7.5360E-03	3.6333E+02
-7.5360E-03	3.6333E+02
-7.5360E-03	3.6354E+02
-7.5640E-03	3.6354E+02
-7.5640E-03	3.6354E+02
-7.5890E-03	3.6377E+02
-7.5890E-03	3.6377E+02
-7.6160E-03	3.6399E+02
-7.6160E-03	3.6399E+02
-7.6160E-03	3.6412E+02
-7.6420E-03	3.6412E+02
-7.6420E-03	3.6412E+02
-7.6690E-03	3.6436E+02
-7.6690E-03	3.6436E+02
-7.6690E-03	3.6457E+02
-7.6950E-03	3.6457E+02
-7.6950E-03	3.6473E+02
-7.7230E-03	3.6473E+02
-7.7230E-03	3.6473E+02
-7.7510E-03	3.6494E+02
-7.7510E-03	3.6494E+02
-7.7510E-03	3.6508E+02
-7.7770E-03	3.6508E+02
-7.7770E-03	3.6508E+02
-7.8030E-03	3.6537E+02
-7.8030E-03	3.6537E+02
-7.8280E-03	3.6551E+02
-7.8280E-03	3.6551E+02
-7.8280E-03	3.6567E+02
-7.8570E-03	3.6567E+02
-7.8570E-03	3.6567E+02
-7.8830E-03	3.6588E+02
-7.8830E-03	3.6588E+02
-7.9090E-03	3.6604E+02
-7.9090E-03	3.6604E+02
-7.9090E-03	3.6631E+02
-7.9370E-03	3.6631E+02
-7.9370E-03	3.6631E+02
-7.9650E-03	3.6647E+02
-7.9650E-03	3.6647E+02
-7.9920E-03	3.6662E+02
-7.9920E-03	3.6662E+02
-7.9920E-03	3.6690E+02
-8.0170E-03	3.6690E+02
-8.0170E-03	3.6690E+02
-8.0440E-03	3.6706E+02
-8.0440E-03	3.6706E+02
-8.0660E-03	3.6719E+02
-8.0660E-03	3.6719E+02
-8.0660E-03	3.6756E+02
-8.0960E-03	3.6756E+02
-8.0960E-03	3.6756E+02
-8.1230E-03	3.6770E+02
-8.1230E-03	3.6770E+02
-8.1230E-03	3.6780E+02
-8.1510E-03	3.6780E+02
-8.1510E-03	3.6780E+02
-8.1770E-03	3.6794E+02
-8.1770E-03	3.6794E+02
-8.2040E-03	3.6821E+02
-8.2040E-03	3.6821E+02
-8.2040E-03	3.6837E+02
-8.2290E-03	3.6837E+02
-8.2290E-03	3.6837E+02
-8.2570E-03	3.6852E+02
-8.2570E-03	3.6852E+02
-8.2820E-03	3.6874E+02
-8.2820E-03	3.6874E+02
-8.2820E-03	3.6888E+02
-8.3060E-03	3.6888E+02
-8.3060E-03	3.6888E+02
-8.3300E-03	3.6917E+02
-8.3300E-03	3.6917E+02
-8.3600E-03	3.6925E+02
-8.3600E-03	3.6925E+02
-8.3600E-03	3.6945E+02
-8.3870E-03	3.6945E+02
-8.3870E-03	3.6945E+02
-8.4130E-03	3.6966E+02
-8.4130E-03	3.6966E+02
-8.4410E-03	3.6986E+02
-8.4410E-03	3.6986E+02
-8.4410E-03	3.7004E+02
-8.4670E-03	3.7004E+02
-8.4670E-03	3.7004E+02
-8.4930E-03	3.7015E+02
-8.4930E-03	3.7015E+02
-8.5190E-03	3.7040E+02
-8.5190E-03	3.7040E+02
-8.5190E-03	3.7062E+02
-8.5450E-03	3.7062E+02
-8.5450E-03	3.7062E+02
-8.5720E-03	3.7068E+02
-8.5720E-03	3.7068E+02
-8.5720E-03	3.7091E+02
-8.5980E-03	3.7091E+02
-8.5980E-03	3.7091E+02
-8.6240E-03	3.7107E+02
-8.6240E-03	3.7107E+02
-8.6500E-03	3.7134E+02
-8.6500E-03	3.7134E+02
-8.6500E-03	3.7142E+02
-8.6820E-03	3.7142E+02
-8.6820E-03	3.7142E+02
-8.7090E-03	3.7158E+02
-8.7090E-03	3.7158E+02
-8.7360E-03	3.7186E+02
-8.7360E-03	3.7186E+02
-8.7360E-03	3.7201E+02
-8.7640E-03	3.7201E+02
-8.7640E-03	3.7201E+02
-8.7870E-03	3.7230E+02
-8.7870E-03	3.7230E+02
-8.8130E-03	3.7236E+02
-8.8130E-03	3.7236E+02
-8.8130E-03	3.7252E+02
-8.8370E-03	3.7252E+02
-8.8370E-03	3.7252E+02
-8.8620E-03	3.7280E+02
-8.8620E-03	3.7280E+02
-8.8910E-03	3.7304E+02
-8.8910E-03	3.7304E+02
-8.8910E-03	3.7311E+02
-8.9160E-03	3.7311E+02
-8.9160E-03	3.7311E+02
-8.9420E-03	3.7325E+02
-8.9420E-03	3.7325E+02
-8.9690E-03	3.7347E+02
-8.9690E-03	3.7347E+02
-8.9690E-03	3.7376E+02
-8.9940E-03	3.7376E+02
-8.9940E-03	3.7376E+02
-9.0210E-03	3.7384E+02
-9.0210E-03	3.7384E+02
-9.0450E-03	3.7400E+02
-9.0450E-03	3.7400E+02
-9.0450E-03	3.7400E+02
-9.0720E-03	3.7420E+02
-9.0720E-03	3.7420E+02
-9.0980E-03	3.7441E+02
-9.0980E-03	3.7441E+02
-9.0980E-03	3.7465E+02
-9.1230E-03	3.7465E+02
-9.1230E-03	3.7465E+02
-9.1490E-03	3.7471E+02
-9.1490E-03	3.7471E+02
-9.1730E-03	3.7493E+02
-9.1730E-03	3.7493E+02
-9.1990E-03	3.7508E+02
-9.1990E-03	3.7508E+02
-9.1990E-03	3.7508E+02
-9.2240E-03	3.7534E+02
-9.2240E-03	3.7534E+02
-9.2510E-03	3.7552E+02
-9.2510E-03	3.7552E+02
-9.2510E-03	3.7558E+02
-9.2750E-03	3.7558E+02
-9.2750E-03	3.7558E+02
-9.3010E-03	3.7581E+02
-9.3010E-03	3.7581E+02
-9.3260E-03	3.7603E+02
-9.3260E-03	3.7603E+02
-9.3260E-03	3.7625E+02
-9.3530E-03	3.7625E+02
-9.3530E-03	3.7625E+02
-9.3770E-03	3.7635E+02
-9.3770E-03	3.7635E+02
-9.4050E-03	3.7652E+02
-9.4050E-03	3.7652E+02
-9.4050E-03	3.7674E+02
-9.4300E-03	3.7674E+02
-9.4300E-03	3.7674E+02
-9.4560E-03	3.7689E+02
-9.4560E-03	3.7689E+02
-9.4810E-03	3.7713E+02
-9.4810E-03	3.7713E+02
-9.4810E-03	3.7727E+02
-9.5060E-03	3.7727E+02
-9.5060E-03	3.7727E+02
-9.5300E-03	3.7740E+02
-9.5300E-03	3.7740E+02
-9.5560E-03	3.7766E+02
-9.5560E-03	3.7766E+02
-9.5560E-03	3.7778E+02
-9.5830E-03	3.7778E+02
-9.5830E-03	3.7778E+02
-9.6070E-03	3.7792E+02
-9.6070E-03	3.7792E+02
-9.6070E-03	3.7814E+02
-9.6340E-03	3.7814E+02
-9.6340E-03	3.7814E+02
-9.6590E-03	3.7836E+02
-9.6590E-03	3.7836E+02
-9.6840E-03	3.7857E+02
-9.6840E-03	3.7857E+02
-9.7070E-03	3.7865E+02
-9.7070E-03	3.7865E+02
-9.7070E-03	3.7865E+02
-9.7320E-03	3.7887E+02
-9.7320E-03	3.7887E+02
-9.7570E-03	3.7909E+02
-9.7570E-03	3.7909E+02
-9.7570E-03	3.7922E+02
-9.7820E-03	3.7922E+02
-9.7820E-03	3.7922E+02
-9.8060E-03	3.7936E+02
-9.8060E-03	3.7936E+02
-9.8060E-03	3.7952E+02
-9.8320E-03	3.7952E+02
-9.8320E-03	3.7952E+02
-9.8320E-03	3.7952E+02
-9.8790E-03	3.7995E+02
-9.8790E-03	3.7995E+02
-9.9040E-03	3.8009E+02
-9.9040E-03	3.8009E+02
-9.9040E-03	3.8039E+02
-9.9290E-03	3.8039E+02
-9.9290E-03	3.8039E+02
-9.9550E-03	3.8045E+02
-9.9550E-03	3.8045E+02
-9.9800E-03	3.8060E+02
-9.9800E-03	3.8060E+02
-9.9800E-03	3.8090E+02
-1.0004E-02	3.8090E+02
-1.0004E-02	3.8090E+02
-1.0029E-02	3.8106E+02
-1.0029E-02	3.8106E+02
-1.0054E-02	3.8118E+02
-1.0054E-02	3.8118E+02
-1.0054E-02	3.8130E+02
-1.0078E-02	3.8130E+02
-1.0078E-02	3.8130E+02
-1.0103E-02	3.8147E+02
-1.0103E-02	3.8147E+02
-1.0126E-02	3.8177E+02
-1.0126E-02	3.8177E+02
-1.0126E-02	3.8185E+02
-1.0151E-02	3.8185E+02
-1.0151E-02	3.8185E+02
-1.0175E-02	3.8199E+02
-1.0175E-02	3.8199E+02
-1.0200E-02	3.8213E+02
-1.0200E-02	3.8213E+02
-1.0200E-02	3.8237E+02
-1.0224E-02	3.8237E+02
-1.0224E-02	3.8237E+02
-1.0248E-02	3.8258E+02
-1.0248E-02	3.8258E+02
-1.0274E-02	3.8264E+02
-1.0274E-02	3.8264E+02
-1.0274E-02	3.8264E+02
-1.0298E-02	3.8286E+02
-1.0298E-02	3.8286E+02
-1.0322E-02	3.8308E+02
-1.0322E-02	3.8308E+02
-1.0346E-02	3.8330E+02
-1.0346E-02	3.8330E+02
-1.0346E-02	3.8330E+02
-1.0372E-02	3.8338E+02
-1.0372E-02	3.8338E+02
-1.0396E-02	3.8352E+02
-1.0396E-02	3.8352E+02
-1.0396E-02	3.8438E+02
-1.0417E-02	3.8438E+02
-1.0417E-02	3.8438E+02
-1.0441E-02	3.8453E+02
-1.0441E-02	3.8453E+02
-1.0464E-02	3.8467E+02
-1.0464E-02	3.8467E+02
-1.0464E-02	3.8481E+02
-1.0489E-02	3.8481E+02
-1.0489E-02	3.8481E+02
-1.0513E-02	3.8509E+02
-1.0513E-02	3.8509E+02
-1.0536E-02	3.8524E+02
-1.0536E-02	3.8524E+02
-1.0536E-02	3.8552E+02
-1.0560E-02	3.8552E+02
-1.0560E-02	3.8552E+02
-1.0585E-02	3.8552E+02
-1.0585E-02	3.8552E+02
-1.0607E-02	3.8581E+02
-1.0607E-02	3.8581E+02
-1.0607E-02	3.8581E+02
-1.0632E-02	3.8581E+02
-1.0632E-02	3.8581E+02
-1.0654E-02	3.8624E+02
-1.0654E-02	3.8624E+02
-1.0679E-02	3.8624E+02
-1.0679E-02	3.8624E+02
-1.0679E-02	3.8651E+02
-1.0702E-02	3.8651E+02
-1.0702E-02	3.8651E+02
-1.0726E-02	3.8666E+02
-1.0726E-02	3.8666E+02
-1.0726E-02	3.8694E+02
-1.0749E-02	3.8694E+02
-1.0749E-02	3.8694E+02
-1.0773E-02	3.8709E+02
-1.0773E-02	3.8709E+02
-1.0796E-02	3.8723E+02
-1.0796E-02	3.8723E+02
-1.0796E-02	3.8737E+02
-1.0821E-02	3.8737E+02
-1.0821E-02	3.8737E+02
-1.0844E-02	3.8766E+02
-1.0844E-02	3.8766E+02
-1.0867E-02	3.8766E+02
-1.0867E-02	3.8766E+02
-1.0867E-02	3.8794E+02
-1.0890E-02	3.8794E+02
-1.0890E-02	3.8794E+02
-1.0913E-02	3.8794E+02
-1.0913E-02	3.8794E+02
-1.0937E-02	3.8822E+02
-1.0937E-02	3.8822E+02
-1.0937E-02	3.8851E+02
-1.0961E-02	3.8851E+02
-1.0961E-02	3.8851E+02
-1.0984E-02	3.8851E+02
-1.0984E-02	3.8851E+02
-1.1007E-02	3.8879E+02
-1.1007E-02	3.8879E+02
-1.1007E-02	3.8879E+02
-1.1032E-02	3.8879E+02
-1.1032E-02	3.8879E+02
-1.1055E-02	3.8908E+02
-1.1055E-02	3.8908E+02
-1.1079E-02	3.8922E+02
-1.1079E-02	3.8922E+02
-1.1079E-02	3.8937E+02
-1.1101E-02	3.8937E+02
-1.1101E-02	3.8937E+02
-1.1125E-02	3.8965E+02
-1.1125E-02	3.8965E+02
-1.1148E-02	3.8979E+02
-1.1148E-02	3.8979E+02
-1.1148E-02	3.9001E+02
-1.1172E-02	3.9001E+02
-1.1172E-02	3.9001E+02
-1.1194E-02	3.8987E+02
-1.1194E-02	3.8987E+02
-1.1217E-02	3.9015E+02
-1.1217E-02	3.9015E+02
-1.1217E-02	3.9058E+02
-1.1242E-02	3.9058E+02
-1.1242E-02	3.9058E+02
-1.1264E-02	3.9058E+02
-1.1264E-02	3.9058E+02
-1.1264E-02	3.9072E+02
-1.1288E-02	3.9072E+02
-1.1288E-02	3.9086E+02
-1.1311E-02	3.9086E+02
-1.1311E-02	3.9086E+02
-1.1335E-02	3.9114E+02
-1.1335E-02	3.9114E+02
-1.1335E-02	3.9129E+02
-1.1355E-02	3.9129E+02
-1.1355E-02	3.9129E+02
-1.1379E-02	3.9143E+02
-1.1379E-02	3.9143E+02
-1.1402E-02	3.9157E+02
-1.1402E-02	3.9157E+02
-1.1402E-02	3.9171E+02
-1.1425E-02	3.9171E+02
-1.1425E-02	3.9171E+02
-1.1448E-02	3.9199E+02
-1.1448E-02	3.9199E+02
-1.1472E-02	3.9199E+02
-1.1472E-02	3.9199E+02
-1.1472E-02	3.9214E+02
-1.1494E-02	3.9214E+02
-1.1494E-02	3.9214E+02
-1.1517E-02	3.9242E+02
-1.1517E-02	3.9242E+02
-1.1539E-02	3.9256E+02
-1.1539E-02	3.9256E+02
-1.1539E-02	3.9285E+02
-1.1563E-02	3.9285E+02
-1.1563E-02	3.9285E+02
-1.1586E-02	3.9299E+02
-1.1586E-02	3.9299E+02
-1.1606E-02	3.9313E+02
-1.1606E-02	3.9313E+02
-1.1606E-02	3.9327E+02
-1.1631E-02	3.9327E+02
-1.1631E-02	3.9327E+02
-1.1653E-02	3.9341E+02
-1.1653E-02	3.9341E+02
-1.1678E-02	3.9370E+02
-1.1678E-02	3.9370E+02
-1.1678E-02	3.9384E+02
-1.1700E-02	3.9384E+02
-1.1700E-02	3.9384E+02
-1.1723E-02	3.9398E+02
-1.1723E-02	3.9398E+02
-1.1723E-02	3.9412E+02
-1.1747E-02	3.9412E+02
-1.1747E-02	3.9412E+02
-1.1770E-02	3.9426E+02
-1.1770E-02	3.9426E+02
-1.1791E-02	3.9455E+02
-1.1791E-02	3.9455E+02
-1.1791E-02	3.9455E+02
-1.1812E-02	3.9455E+02
-1.1812E-02	3.9455E+02
-1.1833E-02	3.9455E+02
-1.1833E-02	3.9455E+02
-1.1855E-02	3.9483E+02
-1.1855E-02	3.9483E+02
-1.1855E-02	3.9498E+02
-1.1876E-02	3.9498E+02
-1.1876E-02	3.9498E+02
-1.1868E-02	3.9270E+02
-1.1868E-02	3.9270E+02
